Begin Time (s)	End Time (s)	Low Freq (Hz)	High Freq (Hz)
200	202	0	1000
200.05	202.05	0	1000
200.1	202.1	0	1000
200.15	202.15	0	1000
200.2	202.2	0	1000
200.25	202.25	0	1000
200.3	202.3	0	1000
200.35	202.35	0	1000
200.4	202.4	0	1000
200.45	202.45	0	1000
200.5	202.5	0	1000
200.55	202.55	0	1000
200.6	202.6	0	1000
200.85	202.85	0	1000
200.95	202.95	0	1000
201	203	0	1000
201.05	203.05	0	1000
201.1	203.1	0	1000
201.15	203.15	0	1000
201.2	203.2	0	1000
201.25	203.25	0	1000
201.3	203.3	0	1000
201.35	203.35	0	1000
201.4	203.4	0	1000
201.45	203.45	0	1000
201.55	203.55	0	1000
201.6	203.6	0	1000
201.65	203.65	0	1000
201.7	203.7	0	1000
201.75	203.75	0	1000
201.85	203.85	0	1000
201.95	203.95	0	1000
202	204	0	1000
202.05	204.05	0	1000
202.1	204.1	0	1000
202.15	204.15	0	1000
202.2	204.2	0	1000
202.25	204.25	0	1000
202.3	204.3	0	1000
202.35	204.35	0	1000
202.4	204.4	0	1000
202.45	204.45	0	1000
202.5	204.5	0	1000
202.55	204.55	0	1000
202.6	204.6	0	1000
202.65	204.65	0	1000
202.7	204.7	0	1000
202.75	204.75	0	1000
202.8	204.8	0	1000
202.85	204.85	0	1000
202.9	204.9	0	1000
202.95	204.95	0	1000
203	205	0	1000
203.05	205.05	0	1000
203.1	205.1	0	1000
203.15	205.15	0	1000
203.2	205.2	0	1000
203.25	205.25	0	1000
203.3	205.3	0	1000
203.35	205.35	0	1000
203.4	205.4	0	1000
203.45	205.45	0	1000
203.5	205.5	0	1000
203.55	205.55	0	1000
203.6	205.6	0	1000
203.65	205.65	0	1000
203.7	205.7	0	1000
203.75	205.75	0	1000
203.8	205.8	0	1000
203.85	205.85	0	1000
203.9	205.9	0	1000
203.95	205.95	0	1000
204	206	0	1000
204.05	206.05	0	1000
204.1	206.1	0	1000
204.15	206.15	0	1000
204.2	206.2	0	1000
204.25	206.25	0	1000
204.3	206.3	0	1000
204.35	206.35	0	1000
204.4	206.4	0	1000
204.45	206.45	0	1000
204.5	206.5	0	1000
204.55	206.55	0	1000
204.6	206.6	0	1000
204.65	206.65	0	1000
204.7	206.7	0	1000
204.75	206.75	0	1000
204.8	206.8	0	1000
204.85	206.85	0	1000
204.9	206.9	0	1000
204.95	206.95	0	1000
205	207	0	1000
205.05	207.05	0	1000
205.1	207.1	0	1000
205.15	207.15	0	1000
205.2	207.2	0	1000
205.25	207.25	0	1000
205.3	207.3	0	1000
205.35	207.35	0	1000
205.4	207.4	0	1000
205.45	207.45	0	1000
205.5	207.5	0	1000
205.55	207.55	0	1000
205.6	207.6	0	1000
205.65	207.65	0	1000
205.7	207.7	0	1000
205.75	207.75	0	1000
205.8	207.8	0	1000
205.85	207.85	0	1000
205.9	207.9	0	1000
205.95	207.95	0	1000
206	208	0	1000
206.05	208.05	0	1000
206.1	208.1	0	1000
206.15	208.15	0	1000
206.2	208.2	0	1000
206.25	208.25	0	1000
206.3	208.3	0	1000
206.35	208.35	0	1000
206.4	208.4	0	1000
206.45	208.45	0	1000
206.5	208.5	0	1000
206.55	208.55	0	1000
206.6	208.6	0	1000
206.65	208.65	0	1000
206.7	208.7	0	1000
206.75	208.75	0	1000
206.8	208.8	0	1000
206.85	208.85	0	1000
206.9	208.9	0	1000
206.95	208.95	0	1000
207	209	0	1000
207.05	209.05	0	1000
207.1	209.1	0	1000
207.15	209.15	0	1000
207.2	209.2	0	1000
207.25	209.25	0	1000
207.3	209.3	0	1000
207.35	209.35	0	1000
207.4	209.4	0	1000
207.45	209.45	0	1000
207.5	209.5	0	1000
207.55	209.55	0	1000
207.6	209.6	0	1000
207.65	209.65	0	1000
207.7	209.7	0	1000
207.75	209.75	0	1000
207.8	209.8	0	1000
207.85	209.85	0	1000
207.9	209.9	0	1000
207.95	209.95	0	1000
208	210	0	1000
208.05	210.05	0	1000
208.1	210.1	0	1000
208.15	210.15	0	1000
208.2	210.2	0	1000
208.25	210.25	0	1000
208.3	210.3	0	1000
208.35	210.35	0	1000
208.4	210.4	0	1000
208.45	210.45	0	1000
208.5	210.5	0	1000
208.55	210.55	0	1000
208.6	210.6	0	1000
208.65	210.65	0	1000
208.7	210.7	0	1000
208.75	210.75	0	1000
208.8	210.8	0	1000
208.85	210.85	0	1000
208.9	210.9	0	1000
208.95	210.95	0	1000
209	211	0	1000
209.05	211.05	0	1000
209.1	211.1	0	1000
209.15	211.15	0	1000
209.2	211.2	0	1000
209.25	211.25	0	1000
209.3	211.3	0	1000
209.35	211.35	0	1000
209.4	211.4	0	1000
209.45	211.45	0	1000
209.5	211.5	0	1000
209.55	211.55	0	1000
209.6	211.6	0	1000
209.65	211.65	0	1000
209.7	211.7	0	1000
209.75	211.75	0	1000
209.8	211.8	0	1000
209.85	211.85	0	1000
209.9	211.9	0	1000
209.95	211.95	0	1000
210	212	0	1000
210.05	212.05	0	1000
210.1	212.1	0	1000
210.15	212.15	0	1000
210.2	212.2	0	1000
210.25	212.25	0	1000
210.3	212.3	0	1000
210.35	212.35	0	1000
210.4	212.4	0	1000
210.45	212.45	0	1000
210.5	212.5	0	1000
210.55	212.55	0	1000
210.6	212.6	0	1000
210.65	212.65	0	1000
210.7	212.7	0	1000
210.75	212.75	0	1000
210.8	212.8	0	1000
210.85	212.85	0	1000
210.9	212.9	0	1000
210.95	212.95	0	1000
211	213	0	1000
211.05	213.05	0	1000
211.1	213.1	0	1000
211.15	213.15	0	1000
211.2	213.2	0	1000
211.25	213.25	0	1000
211.3	213.3	0	1000
211.35	213.35	0	1000
211.4	213.4	0	1000
211.45	213.45	0	1000
211.5	213.5	0	1000
211.55	213.55	0	1000
211.6	213.6	0	1000
211.65	213.65	0	1000
211.7	213.7	0	1000
211.75	213.75	0	1000
211.8	213.8	0	1000
211.85	213.85	0	1000
211.9	213.9	0	1000
211.95	213.95	0	1000
212	214	0	1000
212.05	214.05	0	1000
212.1	214.1	0	1000
212.15	214.15	0	1000
212.2	214.2	0	1000
212.25	214.25	0	1000
212.3	214.3	0	1000
212.35	214.35	0	1000
212.4	214.4	0	1000
212.45	214.45	0	1000
212.5	214.5	0	1000
212.55	214.55	0	1000
212.6	214.6	0	1000
212.65	214.65	0	1000
212.7	214.7	0	1000
212.75	214.75	0	1000
212.8	214.8	0	1000
212.85	214.85	0	1000
212.9	214.9	0	1000
212.95	214.95	0	1000
213	215	0	1000
213.1	215.1	0	1000
213.15	215.15	0	1000
213.2	215.2	0	1000
213.25	215.25	0	1000
213.3	215.3	0	1000
213.35	215.35	0	1000
213.4	215.4	0	1000
213.45	215.45	0	1000
213.5	215.5	0	1000
213.55	215.55	0	1000
213.6	215.6	0	1000
213.65	215.65	0	1000
213.7	215.7	0	1000
213.75	215.75	0	1000
213.8	215.8	0	1000
213.85	215.85	0	1000
213.9	215.9	0	1000
213.95	215.95	0	1000
214	216	0	1000
214.05	216.05	0	1000
214.1	216.1	0	1000
214.15	216.15	0	1000
214.2	216.2	0	1000
214.25	216.25	0	1000
214.3	216.3	0	1000
214.35	216.35	0	1000
214.4	216.4	0	1000
214.45	216.45	0	1000
214.5	216.5	0	1000
214.55	216.55	0	1000
214.6	216.6	0	1000
214.65	216.65	0	1000
214.7	216.7	0	1000
214.75	216.75	0	1000
214.8	216.8	0	1000
214.85	216.85	0	1000
214.9	216.9	0	1000
214.95	216.95	0	1000
215	217	0	1000
215.05	217.05	0	1000
215.1	217.1	0	1000
215.15	217.15	0	1000
215.2	217.2	0	1000
215.25	217.25	0	1000
215.3	217.3	0	1000
215.35	217.35	0	1000
215.4	217.4	0	1000
215.45	217.45	0	1000
215.5	217.5	0	1000
215.55	217.55	0	1000
215.6	217.6	0	1000
215.65	217.65	0	1000
215.7	217.7	0	1000
215.75	217.75	0	1000
215.8	217.8	0	1000
215.85	217.85	0	1000
215.9	217.9	0	1000
215.95	217.95	0	1000
216	218	0	1000
216.05	218.05	0	1000
216.1	218.1	0	1000
216.15	218.15	0	1000
216.2	218.2	0	1000
216.25	218.25	0	1000
216.3	218.3	0	1000
216.35	218.35	0	1000
216.4	218.4	0	1000
216.45	218.45	0	1000
216.5	218.5	0	1000
216.55	218.55	0	1000
216.6	218.6	0	1000
216.65	218.65	0	1000
216.7	218.7	0	1000
216.75	218.75	0	1000
216.8	218.8	0	1000
216.85	218.85	0	1000
216.9	218.9	0	1000
216.95	218.95	0	1000
217	219	0	1000
217.05	219.05	0	1000
217.15	219.15	0	1000
217.2	219.2	0	1000
217.25	219.25	0	1000
217.3	219.3	0	1000
217.35	219.35	0	1000
217.4	219.4	0	1000
217.45	219.45	0	1000
217.5	219.5	0	1000
217.55	219.55	0	1000
217.6	219.6	0	1000
217.65	219.65	0	1000
217.7	219.7	0	1000
217.75	219.75	0	1000
217.8	219.8	0	1000
217.85	219.85	0	1000
217.9	219.9	0	1000
217.95	219.95	0	1000
218	220	0	1000
218.05	220.05	0	1000
218.1	220.1	0	1000
218.15	220.15	0	1000
218.2	220.2	0	1000
218.25	220.25	0	1000
218.35	220.35	0	1000
218.45	220.45	0	1000
218.55	220.55	0	1000
218.6	220.6	0	1000
218.65	220.65	0	1000
218.7	220.7	0	1000
218.75	220.75	0	1000
218.8	220.8	0	1000
218.9	220.9	0	1000
219	221	0	1000
219.05	221.05	0	1000
219.1	221.1	0	1000
219.25	221.25	0	1000
219.3	221.3	0	1000
219.35	221.35	0	1000
219.4	221.4	0	1000
219.45	221.45	0	1000
219.55	221.55	0	1000
219.6	221.6	0	1000
219.7	221.7	0	1000
219.75	221.75	0	1000
219.8	221.8	0	1000
219.85	221.85	0	1000
219.9	221.9	0	1000
219.95	221.95	0	1000
220	222	0	1000
220.05	222.05	0	1000
220.1	222.1	0	1000
220.15	222.15	0	1000
220.2	222.2	0	1000
220.25	222.25	0	1000
220.3	222.3	0	1000
220.35	222.35	0	1000
220.4	222.4	0	1000
220.45	222.45	0	1000
220.5	222.5	0	1000
220.55	222.55	0	1000
220.6	222.6	0	1000
220.65	222.65	0	1000
220.7	222.7	0	1000
220.75	222.75	0	1000
220.8	222.8	0	1000
220.85	222.85	0	1000
220.9	222.9	0	1000
220.95	222.95	0	1000
221	223	0	1000
221.05	223.05	0	1000
221.1	223.1	0	1000
221.15	223.15	0	1000
221.2	223.2	0	1000
221.25	223.25	0	1000
221.3	223.3	0	1000
221.5	223.5	0	1000
221.6	223.6	0	1000
221.8	223.8	0	1000
221.9	223.9	0	1000
221.95	223.95	0	1000
222	224	0	1000
222.05	224.05	0	1000
222.15	224.15	0	1000
222.2	224.2	0	1000
222.25	224.25	0	1000
222.3	224.3	0	1000
222.4	224.4	0	1000
222.5	224.5	0	1000
222.55	224.55	0	1000
222.6	224.6	0	1000
222.65	224.65	0	1000
222.7	224.7	0	1000
222.8	224.8	0	1000
222.9	224.9	0	1000
222.95	224.95	0	1000
223.05	225.05	0	1000
223.1	225.1	0	1000
223.15	225.15	0	1000
223.2	225.2	0	1000
223.25	225.25	0	1000
223.3	225.3	0	1000
223.35	225.35	0	1000
223.4	225.4	0	1000
223.45	225.45	0	1000
223.5	225.5	0	1000
223.55	225.55	0	1000
223.6	225.6	0	1000
223.65	225.65	0	1000
223.7	225.7	0	1000
223.75	225.75	0	1000
223.8	225.8	0	1000
223.85	225.85	0	1000
223.9	225.9	0	1000
223.95	225.95	0	1000
224	226	0	1000
224.05	226.05	0	1000
224.1	226.1	0	1000
224.15	226.15	0	1000
224.2	226.2	0	1000
224.25	226.25	0	1000
224.3	226.3	0	1000
224.35	226.35	0	1000
224.4	226.4	0	1000
224.45	226.45	0	1000
224.5	226.5	0	1000
224.55	226.55	0	1000
224.6	226.6	0	1000
224.65	226.65	0	1000
224.7	226.7	0	1000
224.75	226.75	0	1000
224.8	226.8	0	1000
224.85	226.85	0	1000
224.9	226.9	0	1000
224.95	226.95	0	1000
225	227	0	1000
225.05	227.05	0	1000
225.1	227.1	0	1000
225.15	227.15	0	1000
225.2	227.2	0	1000
225.25	227.25	0	1000
225.3	227.3	0	1000
225.35	227.35	0	1000
225.4	227.4	0	1000
225.5	227.5	0	1000
225.55	227.55	0	1000
225.65	227.65	0	1000
225.7	227.7	0	1000
225.75	227.75	0	1000
225.8	227.8	0	1000
225.85	227.85	0	1000
225.9	227.9	0	1000
225.95	227.95	0	1000
226.05	228.05	0	1000
226.1	228.1	0	1000
226.2	228.2	0	1000
226.25	228.25	0	1000
226.3	228.3	0	1000
226.35	228.35	0	1000
226.4	228.4	0	1000
226.45	228.45	0	1000
226.5	228.5	0	1000
226.55	228.55	0	1000
226.6	228.6	0	1000
226.65	228.65	0	1000
226.7	228.7	0	1000
226.75	228.75	0	1000
226.8	228.8	0	1000
226.85	228.85	0	1000
226.9	228.9	0	1000
226.95	228.95	0	1000
227	229	0	1000
227.05	229.05	0	1000
227.1	229.1	0	1000
227.15	229.15	0	1000
227.2	229.2	0	1000
227.25	229.25	0	1000
227.3	229.3	0	1000
227.35	229.35	0	1000
227.4	229.4	0	1000
227.45	229.45	0	1000
227.5	229.5	0	1000
227.55	229.55	0	1000
227.6	229.6	0	1000
227.65	229.65	0	1000
227.7	229.7	0	1000
227.75	229.75	0	1000
227.8	229.8	0	1000
227.85	229.85	0	1000
227.9	229.9	0	1000
227.95	229.95	0	1000
228	230	0	1000
228.05	230.05	0	1000
228.1	230.1	0	1000
228.15	230.15	0	1000
228.2	230.2	0	1000
228.25	230.25	0	1000
228.3	230.3	0	1000
228.35	230.35	0	1000
228.4	230.4	0	1000
228.45	230.45	0	1000
228.5	230.5	0	1000
228.55	230.55	0	1000
228.6	230.6	0	1000
228.7	230.7	0	1000
228.75	230.75	0	1000
228.8	230.8	0	1000
228.9	230.9	0	1000
228.95	230.95	0	1000
229.15	231.15	0	1000
229.3	231.3	0	1000
229.35	231.35	0	1000
229.4	231.4	0	1000
229.45	231.45	0	1000
229.55	231.55	0	1000
229.6	231.6	0	1000
229.65	231.65	0	1000
229.8	231.8	0	1000
229.85	231.85	0	1000
229.9	231.9	0	1000
229.95	231.95	0	1000
230	232	0	1000
230.1	232.1	0	1000
230.2	232.2	0	1000
230.3	232.3	0	1000
230.4	232.4	0	1000
230.5	232.5	0	1000
230.6	232.6	0	1000
230.65	232.65	0	1000
230.7	232.7	0	1000
230.75	232.75	0	1000
230.85	232.85	0	1000
230.95	232.95	0	1000
231	233	0	1000
231.05	233.05	0	1000
231.1	233.1	0	1000
231.15	233.15	0	1000
231.2	233.2	0	1000
231.25	233.25	0	1000
231.3	233.3	0	1000
231.35	233.35	0	1000
231.4	233.4	0	1000
231.45	233.45	0	1000
231.5	233.5	0	1000
231.55	233.55	0	1000
231.6	233.6	0	1000
231.65	233.65	0	1000
231.7	233.7	0	1000
231.75	233.75	0	1000
231.8	233.8	0	1000
231.85	233.85	0	1000
231.9	233.9	0	1000
231.95	233.95	0	1000
232.05	234.05	0	1000
232.1	234.1	0	1000
232.2	234.2	0	1000
232.25	234.25	0	1000
232.3	234.3	0	1000
232.35	234.35	0	1000
232.45	234.45	0	1000
232.6	234.6	0	1000
232.65	234.65	0	1000
232.7	234.7	0	1000
232.75	234.75	0	1000
232.8	234.8	0	1000
232.85	234.85	0	1000
232.9	234.9	0	1000
233	235	0	1000
233.05	235.05	0	1000
233.1	235.1	0	1000
233.15	235.15	0	1000
233.2	235.2	0	1000
233.25	235.25	0	1000
233.3	235.3	0	1000
233.35	235.35	0	1000
233.4	235.4	0	1000
233.45	235.45	0	1000
233.5	235.5	0	1000
233.55	235.55	0	1000
233.6	235.6	0	1000
233.65	235.65	0	1000
233.7	235.7	0	1000
233.75	235.75	0	1000
233.8	235.8	0	1000
233.85	235.85	0	1000
233.9	235.9	0	1000
233.95	235.95	0	1000
234	236	0	1000
234.05	236.05	0	1000
234.1	236.1	0	1000
234.15	236.15	0	1000
234.2	236.2	0	1000
234.25	236.25	0	1000
234.3	236.3	0	1000
234.35	236.35	0	1000
234.4	236.4	0	1000
234.45	236.45	0	1000
234.5	236.5	0	1000
234.6	236.6	0	1000
234.7	236.7	0	1000
234.8	236.8	0	1000
234.85	236.85	0	1000
234.9	236.9	0	1000
235	237	0	1000
235.05	237.05	0	1000
235.1	237.1	0	1000
235.15	237.15	0	1000
235.2	237.2	0	1000
235.25	237.25	0	1000
235.3	237.3	0	1000
235.35	237.35	0	1000
235.4	237.4	0	1000
235.45	237.45	0	1000
235.5	237.5	0	1000
235.55	237.55	0	1000
235.6	237.6	0	1000
235.65	237.65	0	1000
235.7	237.7	0	1000
235.75	237.75	0	1000
235.8	237.8	0	1000
235.85	237.85	0	1000
235.9	237.9	0	1000
235.95	237.95	0	1000
236	238	0	1000
236.05	238.05	0	1000
236.1	238.1	0	1000
236.15	238.15	0	1000
236.2	238.2	0	1000
236.25	238.25	0	1000
236.3	238.3	0	1000
236.35	238.35	0	1000
236.4	238.4	0	1000
236.45	238.45	0	1000
236.5	238.5	0	1000
236.55	238.55	0	1000
236.6	238.6	0	1000
236.65	238.65	0	1000
236.7	238.7	0	1000
236.75	238.75	0	1000
236.8	238.8	0	1000
236.85	238.85	0	1000
236.9	238.9	0	1000
236.95	238.95	0	1000
237	239	0	1000
237.05	239.05	0	1000
237.1	239.1	0	1000
237.15	239.15	0	1000
237.2	239.2	0	1000
237.25	239.25	0	1000
237.3	239.3	0	1000
237.35	239.35	0	1000
237.4	239.4	0	1000
237.45	239.45	0	1000
237.5	239.5	0	1000
237.55	239.55	0	1000
237.6	239.6	0	1000
237.65	239.65	0	1000
237.7	239.7	0	1000
237.75	239.75	0	1000
237.8	239.8	0	1000
237.85	239.85	0	1000
237.9	239.9	0	1000
237.95	239.95	0	1000
238	240	0	1000
238.05	240.05	0	1000
238.1	240.1	0	1000
238.15	240.15	0	1000
238.2	240.2	0	1000
238.25	240.25	0	1000
238.3	240.3	0	1000
238.35	240.35	0	1000
238.4	240.4	0	1000
238.45	240.45	0	1000
238.5	240.5	0	1000
238.55	240.55	0	1000
238.6	240.6	0	1000
238.65	240.65	0	1000
238.7	240.7	0	1000
238.75	240.75	0	1000
238.8	240.8	0	1000
238.85	240.85	0	1000
238.9	240.9	0	1000
238.95	240.95	0	1000
239	241	0	1000
239.05	241.05	0	1000
239.1	241.1	0	1000
239.15	241.15	0	1000
239.2	241.2	0	1000
239.25	241.25	0	1000
239.3	241.3	0	1000
239.35	241.35	0	1000
239.4	241.4	0	1000
239.45	241.45	0	1000
239.5	241.5	0	1000
239.55	241.55	0	1000
239.6	241.6	0	1000
239.65	241.65	0	1000
239.7	241.7	0	1000
239.75	241.75	0	1000
239.8	241.8	0	1000
239.85	241.85	0	1000
239.9	241.9	0	1000
239.95	241.95	0	1000
240	242	0	1000
240.05	242.05	0	1000
240.1	242.1	0	1000
240.15	242.15	0	1000
240.2	242.2	0	1000
240.25	242.25	0	1000
240.3	242.3	0	1000
240.35	242.35	0	1000
240.4	242.4	0	1000
240.45	242.45	0	1000
240.5	242.5	0	1000
240.55	242.55	0	1000
240.65	242.65	0	1000
240.8	242.8	0	1000
240.85	242.85	0	1000
240.95	242.95	0	1000
241	243	0	1000
241.05	243.05	0	1000
241.1	243.1	0	1000
241.15	243.15	0	1000
241.2	243.2	0	1000
241.25	243.25	0	1000
241.3	243.3	0	1000
241.35	243.35	0	1000
241.4	243.4	0	1000
241.45	243.45	0	1000
241.5	243.5	0	1000
241.55	243.55	0	1000
241.6	243.6	0	1000
241.65	243.65	0	1000
241.7	243.7	0	1000
241.75	243.75	0	1000
241.8	243.8	0	1000
241.85	243.85	0	1000
241.9	243.9	0	1000
241.95	243.95	0	1000
242	244	0	1000
242.05	244.05	0	1000
242.1	244.1	0	1000
242.15	244.15	0	1000
242.2	244.2	0	1000
242.3	244.3	0	1000
242.35	244.35	0	1000
242.4	244.4	0	1000
242.45	244.45	0	1000
242.5	244.5	0	1000
242.55	244.55	0	1000
242.6	244.6	0	1000
242.65	244.65	0	1000
242.7	244.7	0	1000
242.75	244.75	0	1000
242.8	244.8	0	1000
242.85	244.85	0	1000
242.9	244.9	0	1000
242.95	244.95	0	1000
243	245	0	1000
243.05	245.05	0	1000
243.1	245.1	0	1000
243.15	245.15	0	1000
243.2	245.2	0	1000
243.25	245.25	0	1000
243.3	245.3	0	1000
243.35	245.35	0	1000
243.4	245.4	0	1000
243.45	245.45	0	1000
243.5	245.5	0	1000
243.55	245.55	0	1000
243.6	245.6	0	1000
243.65	245.65	0	1000
243.7	245.7	0	1000
243.75	245.75	0	1000
243.8	245.8	0	1000
243.85	245.85	0	1000
243.9	245.9	0	1000
243.95	245.95	0	1000
244	246	0	1000
244.05	246.05	0	1000
244.1	246.1	0	1000
244.15	246.15	0	1000
244.25	246.25	0	1000
244.3	246.3	0	1000
244.35	246.35	0	1000
244.4	246.4	0	1000
244.45	246.45	0	1000
244.5	246.5	0	1000
244.55	246.55	0	1000
244.6	246.6	0	1000
244.65	246.65	0	1000
244.7	246.7	0	1000
244.8	246.8	0	1000
244.85	246.85	0	1000
244.9	246.9	0	1000
244.95	246.95	0	1000
245	247	0	1000
245.05	247.05	0	1000
245.1	247.1	0	1000
245.15	247.15	0	1000
245.2	247.2	0	1000
245.25	247.25	0	1000
245.35	247.35	0	1000
245.4	247.4	0	1000
245.45	247.45	0	1000
245.5	247.5	0	1000
245.6	247.6	0	1000
245.65	247.65	0	1000
245.7	247.7	0	1000
245.8	247.8	0	1000
245.85	247.85	0	1000
245.9	247.9	0	1000
245.95	247.95	0	1000
246.05	248.05	0	1000
246.1	248.1	0	1000
246.15	248.15	0	1000
246.2	248.2	0	1000
246.25	248.25	0	1000
246.3	248.3	0	1000
246.35	248.35	0	1000
246.4	248.4	0	1000
246.45	248.45	0	1000
246.5	248.5	0	1000
246.55	248.55	0	1000
246.6	248.6	0	1000
246.65	248.65	0	1000
246.75	248.75	0	1000
246.8	248.8	0	1000
246.9	248.9	0	1000
247	249	0	1000
247.05	249.05	0	1000
247.1	249.1	0	1000
247.2	249.2	0	1000
247.25	249.25	0	1000
247.3	249.3	0	1000
247.4	249.4	0	1000
247.5	249.5	0	1000
247.6	249.6	0	1000
247.9	249.9	0	1000
248	250	0	1000
248.1	250.1	0	1000
248.15	250.15	0	1000
248.2	250.2	0	1000
248.25	250.25	0	1000
248.3	250.3	0	1000
248.4	250.4	0	1000
248.55	250.55	0	1000
248.6	250.6	0	1000
248.85	250.85	0	1000
249	251	0	1000
249.15	251.15	0	1000
249.3	251.3	0	1000
249.45	251.45	0	1000
249.5	251.5	0	1000
249.55	251.55	0	1000
249.6	251.6	0	1000
249.7	251.7	0	1000
249.75	251.75	0	1000
249.8	251.8	0	1000
249.85	251.85	0	1000
249.9	251.9	0	1000
249.95	251.95	0	1000
250	252	0	1000
250.05	252.05	0	1000
250.1	252.1	0	1000
250.15	252.15	0	1000
250.2	252.2	0	1000
250.25	252.25	0	1000
250.3	252.3	0	1000
250.35	252.35	0	1000
250.45	252.45	0	1000
250.55	252.55	0	1000
250.65	252.65	0	1000
250.75	252.75	0	1000
250.8	252.8	0	1000
250.85	252.85	0	1000
250.9	252.9	0	1000
250.95	252.95	0	1000
251	253	0	1000
251.05	253.05	0	1000
251.1	253.1	0	1000
251.2	253.2	0	1000
251.3	253.3	0	1000
251.35	253.35	0	1000
251.6	253.6	0	1000
251.75	253.75	0	1000
252	254	0	1000
252.25	254.25	0	1000
252.3	254.3	0	1000
252.35	254.35	0	1000
252.4	254.4	0	1000
252.5	254.5	0	1000
252.6	254.6	0	1000
252.7	254.7	0	1000
252.8	254.8	0	1000
252.85	254.85	0	1000
252.9	254.9	0	1000
252.95	254.95	0	1000
253.05	255.05	0	1000
253.1	255.1	0	1000
253.2	255.2	0	1000
253.3	255.3	0	1000
253.35	255.35	0	1000
253.4	255.4	0	1000
253.45	255.45	0	1000
253.55	255.55	0	1000
253.6	255.6	0	1000
253.65	255.65	0	1000
253.7	255.7	0	1000
253.75	255.75	0	1000
253.8	255.8	0	1000
253.85	255.85	0	1000
253.9	255.9	0	1000
253.95	255.95	0	1000
254	256	0	1000
254.05	256.05	0	1000
254.1	256.1	0	1000
254.15	256.15	0	1000
254.2	256.2	0	1000
254.25	256.25	0	1000
254.3	256.3	0	1000
254.35	256.35	0	1000
254.4	256.4	0	1000
254.45	256.45	0	1000
254.5	256.5	0	1000
254.55	256.55	0	1000
254.6	256.6	0	1000
254.65	256.65	0	1000
254.7	256.7	0	1000
254.75	256.75	0	1000
254.8	256.8	0	1000
254.9	256.9	0	1000
254.95	256.95	0	1000
255	257	0	1000
255.05	257.05	0	1000
255.1	257.1	0	1000
255.15	257.15	0	1000
255.2	257.2	0	1000
255.25	257.25	0	1000
255.35	257.35	0	1000
255.4	257.4	0	1000
255.5	257.5	0	1000
255.55	257.55	0	1000
255.6	257.6	0	1000
255.65	257.65	0	1000
255.7	257.7	0	1000
255.75	257.75	0	1000
255.8	257.8	0	1000
255.85	257.85	0	1000
255.9	257.9	0	1000
255.95	257.95	0	1000
256	258	0	1000
256.05	258.05	0	1000
256.1	258.1	0	1000
256.15	258.15	0	1000
256.2	258.2	0	1000
256.25	258.25	0	1000
256.3	258.3	0	1000
256.35	258.35	0	1000
256.4	258.4	0	1000
256.45	258.45	0	1000
256.5	258.5	0	1000
256.55	258.55	0	1000
256.6	258.6	0	1000
256.65	258.65	0	1000
256.7	258.7	0	1000
256.75	258.75	0	1000
256.8	258.8	0	1000
256.85	258.85	0	1000
256.9	258.9	0	1000
256.95	258.95	0	1000
257	259	0	1000
257.05	259.05	0	1000
257.1	259.1	0	1000
257.15	259.15	0	1000
257.2	259.2	0	1000
257.25	259.25	0	1000
257.3	259.3	0	1000
257.35	259.35	0	1000
257.4	259.4	0	1000
257.45	259.45	0	1000
257.5	259.5	0	1000
257.55	259.55	0	1000
257.6	259.6	0	1000
257.65	259.65	0	1000
257.7	259.7	0	1000
257.75	259.75	0	1000
257.8	259.8	0	1000
257.85	259.85	0	1000
257.9	259.9	0	1000
257.95	259.95	0	1000
258	260	0	1000
258.05	260.05	0	1000
258.1	260.1	0	1000
258.15	260.15	0	1000
258.2	260.2	0	1000
258.25	260.25	0	1000
258.3	260.3	0	1000
258.35	260.35	0	1000
258.4	260.4	0	1000
258.45	260.45	0	1000
258.5	260.5	0	1000
258.55	260.55	0	1000
258.65	260.65	0	1000
258.7	260.7	0	1000
258.75	260.75	0	1000
258.8	260.8	0	1000
258.85	260.85	0	1000
258.9	260.9	0	1000
258.95	260.95	0	1000
259	261	0	1000
259.05	261.05	0	1000
259.1	261.1	0	1000
259.15	261.15	0	1000
259.2	261.2	0	1000
259.25	261.25	0	1000
259.3	261.3	0	1000
259.35	261.35	0	1000
259.4	261.4	0	1000
259.45	261.45	0	1000
259.5	261.5	0	1000
259.55	261.55	0	1000
259.6	261.6	0	1000
259.65	261.65	0	1000
259.7	261.7	0	1000
259.75	261.75	0	1000
259.8	261.8	0	1000
259.85	261.85	0	1000
259.9	261.9	0	1000
259.95	261.95	0	1000
260	262	0	1000
260.05	262.05	0	1000
260.1	262.1	0	1000
260.15	262.15	0	1000
260.2	262.2	0	1000
260.25	262.25	0	1000
260.3	262.3	0	1000
260.35	262.35	0	1000
260.4	262.4	0	1000
260.45	262.45	0	1000
260.5	262.5	0	1000
260.55	262.55	0	1000
260.6	262.6	0	1000
260.65	262.65	0	1000
260.7	262.7	0	1000
260.75	262.75	0	1000
260.8	262.8	0	1000
260.85	262.85	0	1000
260.9	262.9	0	1000
260.95	262.95	0	1000
261	263	0	1000
261.05	263.05	0	1000
261.1	263.1	0	1000
261.15	263.15	0	1000
261.2	263.2	0	1000
261.25	263.25	0	1000
261.3	263.3	0	1000
261.35	263.35	0	1000
261.4	263.4	0	1000
261.45	263.45	0	1000
261.5	263.5	0	1000
261.55	263.55	0	1000
261.6	263.6	0	1000
261.65	263.65	0	1000
261.7	263.7	0	1000
261.75	263.75	0	1000
261.8	263.8	0	1000
261.85	263.85	0	1000
261.9	263.9	0	1000
261.95	263.95	0	1000
262	264	0	1000
262.05	264.05	0	1000
262.1	264.1	0	1000
262.15	264.15	0	1000
262.2	264.2	0	1000
262.25	264.25	0	1000
262.3	264.3	0	1000
262.35	264.35	0	1000
262.4	264.4	0	1000
262.45	264.45	0	1000
262.5	264.5	0	1000
262.55	264.55	0	1000
262.6	264.6	0	1000
262.65	264.65	0	1000
262.7	264.7	0	1000
262.75	264.75	0	1000
262.8	264.8	0	1000
262.85	264.85	0	1000
262.9	264.9	0	1000
262.95	264.95	0	1000
263	265	0	1000
263.05	265.05	0	1000
263.1	265.1	0	1000
263.2	265.2	0	1000
263.3	265.3	0	1000
263.35	265.35	0	1000
263.4	265.4	0	1000
263.45	265.45	0	1000
263.5	265.5	0	1000
263.55	265.55	0	1000
263.6	265.6	0	1000
263.65	265.65	0	1000
263.7	265.7	0	1000
263.75	265.75	0	1000
263.8	265.8	0	1000
263.85	265.85	0	1000
263.9	265.9	0	1000
263.95	265.95	0	1000
264	266	0	1000
264.05	266.05	0	1000
264.1	266.1	0	1000
264.15	266.15	0	1000
264.2	266.2	0	1000
264.25	266.25	0	1000
264.3	266.3	0	1000
264.35	266.35	0	1000
264.4	266.4	0	1000
264.45	266.45	0	1000
264.5	266.5	0	1000
264.55	266.55	0	1000
264.6	266.6	0	1000
264.65	266.65	0	1000
264.7	266.7	0	1000
264.75	266.75	0	1000
264.8	266.8	0	1000
264.85	266.85	0	1000
264.9	266.9	0	1000
264.95	266.95	0	1000
265	267	0	1000
265.05	267.05	0	1000
265.1	267.1	0	1000
265.15	267.15	0	1000
265.2	267.2	0	1000
265.25	267.25	0	1000
265.3	267.3	0	1000
265.4	267.4	0	1000
265.45	267.45	0	1000
265.5	267.5	0	1000
265.6	267.6	0	1000
265.65	267.65	0	1000
265.7	267.7	0	1000
265.75	267.75	0	1000
265.85	267.85	0	1000
266	268	0	1000
266.05	268.05	0	1000
266.1	268.1	0	1000
266.15	268.15	0	1000
266.2	268.2	0	1000
266.3	268.3	0	1000
266.4	268.4	0	1000
266.75	268.75	0	1000
266.85	268.85	0	1000
266.9	268.9	0	1000
267	269	0	1000
267.25	269.25	0	1000
267.35	269.35	0	1000
267.45	269.45	0	1000
267.5	269.5	0	1000
267.65	269.65	0	1000
267.75	269.75	0	1000
267.9	269.9	0	1000
267.95	269.95	0	1000
268	270	0	1000
268.15	270.15	0	1000
268.2	270.2	0	1000
268.3	270.3	0	1000
268.35	270.35	0	1000
268.45	270.45	0	1000
268.5	270.5	0	1000
268.6	270.6	0	1000
268.7	270.7	0	1000
268.75	270.75	0	1000
268.85	270.85	0	1000
269.35	271.35	0	1000
269.4	271.4	0	1000
269.45	271.45	0	1000
269.5	271.5	0	1000
269.55	271.55	0	1000
269.6	271.6	0	1000
269.65	271.65	0	1000
269.75	271.75	0	1000
269.8	271.8	0	1000
269.9	271.9	0	1000
270	272	0	1000
270.2	272.2	0	1000
270.6	272.6	0	1000
270.75	272.75	0	1000
270.8	272.8	0	1000
270.9	272.9	0	1000
270.95	272.95	0	1000
271.05	273.05	0	1000
271.15	273.15	0	1000
271.25	273.25	0	1000
271.5	273.5	0	1000
271.7	273.7	0	1000
271.75	273.75	0	1000
271.8	273.8	0	1000
271.85	273.85	0	1000
271.9	273.9	0	1000
271.95	273.95	0	1000
272	274	0	1000
272.1	274.1	0	1000
272.15	274.15	0	1000
272.2	274.2	0	1000
272.25	274.25	0	1000
272.3	274.3	0	1000
272.35	274.35	0	1000
272.4	274.4	0	1000
272.5	274.5	0	1000
272.55	274.55	0	1000
272.65	274.65	0	1000
272.7	274.7	0	1000
272.75	274.75	0	1000
272.8	274.8	0	1000
272.9	274.9	0	1000
272.95	274.95	0	1000
273	275	0	1000
273.05	275.05	0	1000
273.1	275.1	0	1000
273.15	275.15	0	1000
273.2	275.2	0	1000
273.25	275.25	0	1000
273.3	275.3	0	1000
273.35	275.35	0	1000
273.4	275.4	0	1000
273.45	275.45	0	1000
273.5	275.5	0	1000
273.55	275.55	0	1000
273.6	275.6	0	1000
273.65	275.65	0	1000
273.7	275.7	0	1000
273.75	275.75	0	1000
273.8	275.8	0	1000
273.85	275.85	0	1000
273.9	275.9	0	1000
273.95	275.95	0	1000
274	276	0	1000
274.05	276.05	0	1000
274.1	276.1	0	1000
274.15	276.15	0	1000
274.25	276.25	0	1000
274.3	276.3	0	1000
274.4	276.4	0	1000
274.45	276.45	0	1000
274.5	276.5	0	1000
274.55	276.55	0	1000
274.65	276.65	0	1000
274.85	276.85	0	1000
274.95	276.95	0	1000
275.05	277.05	0	1000
275.15	277.15	0	1000
275.2	277.2	0	1000
275.3	277.3	0	1000
275.4	277.4	0	1000
275.45	277.45	0	1000
275.5	277.5	0	1000
275.55	277.55	0	1000
275.65	277.65	0	1000
275.7	277.7	0	1000
275.75	277.75	0	1000
275.8	277.8	0	1000
275.85	277.85	0	1000
275.95	277.95	0	1000
276	278	0	1000
276.05	278.05	0	1000
276.2	278.2	0	1000
276.25	278.25	0	1000
276.4	278.4	0	1000
276.55	278.55	0	1000
276.6	278.6	0	1000
276.65	278.65	0	1000
276.75	278.75	0	1000
276.8	278.8	0	1000
276.9	278.9	0	1000
276.95	278.95	0	1000
277	279	0	1000
277.1	279.1	0	1000
277.3	279.3	0	1000
277.4	279.4	0	1000
277.45	279.45	0	1000
277.55	279.55	0	1000
277.65	279.65	0	1000
277.75	279.75	0	1000
277.8	279.8	0	1000
277.85	279.85	0	1000
277.9	279.9	0	1000
278.1	280.1	0	1000
278.15	280.15	0	1000
278.2	280.2	0	1000
278.25	280.25	0	1000
278.3	280.3	0	1000
278.5	280.5	0	1000
278.6	280.6	0	1000
278.65	280.65	0	1000
278.75	280.75	0	1000
278.8	280.8	0	1000
278.85	280.85	0	1000
278.9	280.9	0	1000
279.15	281.15	0	1000
279.35	281.35	0	1000
279.45	281.45	0	1000
279.5	281.5	0	1000
279.6	281.6	0	1000
279.65	281.65	0	1000
279.75	281.75	0	1000
279.85	281.85	0	1000
279.95	281.95	0	1000
280	282	0	1000
280.05	282.05	0	1000
280.1	282.1	0	1000
280.15	282.15	0	1000
280.25	282.25	0	1000
280.3	282.3	0	1000
280.35	282.35	0	1000
280.4	282.4	0	1000
280.45	282.45	0	1000
280.55	282.55	0	1000
280.6	282.6	0	1000
280.7	282.7	0	1000
280.75	282.75	0	1000
280.8	282.8	0	1000
280.9	282.9	0	1000
280.95	282.95	0	1000
281	283	0	1000
281.05	283.05	0	1000
281.1	283.1	0	1000
281.15	283.15	0	1000
281.2	283.2	0	1000
281.25	283.25	0	1000
281.35	283.35	0	1000
281.45	283.45	0	1000
281.5	283.5	0	1000
281.55	283.55	0	1000
281.6	283.6	0	1000
281.65	283.65	0	1000
281.7	283.7	0	1000
281.75	283.75	0	1000
281.8	283.8	0	1000
281.85	283.85	0	1000
281.9	283.9	0	1000
281.95	283.95	0	1000
282	284	0	1000
282.05	284.05	0	1000
282.1	284.1	0	1000
282.15	284.15	0	1000
282.2	284.2	0	1000
282.3	284.3	0	1000
282.35	284.35	0	1000
282.4	284.4	0	1000
282.45	284.45	0	1000
282.5	284.5	0	1000
282.55	284.55	0	1000
282.6	284.6	0	1000
282.65	284.65	0	1000
282.7	284.7	0	1000
282.75	284.75	0	1000
282.8	284.8	0	1000
282.85	284.85	0	1000
282.9	284.9	0	1000
282.95	284.95	0	1000
283	285	0	1000
283.05	285.05	0	1000
283.1	285.1	0	1000
283.15	285.15	0	1000
283.2	285.2	0	1000
283.25	285.25	0	1000
283.3	285.3	0	1000
283.35	285.35	0	1000
283.4	285.4	0	1000
283.45	285.45	0	1000
283.5	285.5	0	1000
283.55	285.55	0	1000
283.6	285.6	0	1000
283.65	285.65	0	1000
283.7	285.7	0	1000
283.75	285.75	0	1000
283.8	285.8	0	1000
283.85	285.85	0	1000
283.9	285.9	0	1000
284.1	286.1	0	1000
284.2	286.2	0	1000
284.25	286.25	0	1000
284.3	286.3	0	1000
284.35	286.35	0	1000
284.45	286.45	0	1000
284.5	286.5	0	1000
284.55	286.55	0	1000
284.6	286.6	0	1000
284.65	286.65	0	1000
284.75	286.75	0	1000
284.8	286.8	0	1000
284.95	286.95	0	1000
285	287	0	1000
285.05	287.05	0	1000
285.1	287.1	0	1000
285.15	287.15	0	1000
285.2	287.2	0	1000
285.25	287.25	0	1000
285.3	287.3	0	1000
285.4	287.4	0	1000
285.5	287.5	0	1000
285.55	287.55	0	1000
285.6	287.6	0	1000
285.7	287.7	0	1000
285.75	287.75	0	1000
285.8	287.8	0	1000
285.9	287.9	0	1000
285.95	287.95	0	1000
286	288	0	1000
286.05	288.05	0	1000
286.1	288.1	0	1000
286.15	288.15	0	1000
286.2	288.2	0	1000
286.3	288.3	0	1000
286.4	288.4	0	1000
286.45	288.45	0	1000
286.55	288.55	0	1000
286.65	288.65	0	1000
286.7	288.7	0	1000
286.75	288.75	0	1000
286.8	288.8	0	1000
286.9	288.9	0	1000
287.4	289.4	0	1000
287.85	289.85	0	1000
287.9	289.9	0	1000
288.05	290.05	0	1000
288.15	290.15	0	1000
288.2	290.2	0	1000
288.25	290.25	0	1000
288.3	290.3	0	1000
288.35	290.35	0	1000
288.4	290.4	0	1000
288.6	290.6	0	1000
288.65	290.65	0	1000
288.75	290.75	0	1000
289.05	291.05	0	1000
289.45	291.45	0	1000
289.75	291.75	0	1000
289.85	291.85	0	1000
290	292	0	1000
291.1	293.1	0	1000
291.25	293.25	0	1000
291.4	293.4	0	1000
291.6	293.6	0	1000
291.65	293.65	0	1000
291.7	293.7	0	1000
291.85	293.85	0	1000
291.9	293.9	0	1000
292	294	0	1000
292.2	294.2	0	1000
292.25	294.25	0	1000
292.35	294.35	0	1000
292.4	294.4	0	1000
292.45	294.45	0	1000
292.5	294.5	0	1000
292.6	294.6	0	1000
292.65	294.65	0	1000
292.8	294.8	0	1000
292.9	294.9	0	1000
292.95	294.95	0	1000
293.35	295.35	0	1000
293.5	295.5	0	1000
294.9	296.9	0	1000
295.05	297.05	0	1000
295.65	297.65	0	1000
295.8	297.8	0	1000
295.85	297.85	0	1000
295.9	297.9	0	1000
295.95	297.95	0	1000
296	298	0	1000
296.05	298.05	0	1000
296.15	298.15	0	1000
296.2	298.2	0	1000
296.3	298.3	0	1000
296.4	298.4	0	1000
296.7	298.7	0	1000
297	299	0	1000
297.1	299.1	0	1000
297.25	299.25	0	1000
297.35	299.35	0	1000
297.4	299.4	0	1000
297.6	299.6	0	1000
297.7	299.7	0	1000
297.75	299.75	0	1000
297.85	299.85	0	1000
298.2	300.2	0	1000
298.75	300.75	0	1000
298.85	300.85	0	1000
298.9	300.9	0	1000
298.95	300.95	0	1000
299	301	0	1000
299.2	301.2	0	1000
299.25	301.25	0	1000
299.35	301.35	0	1000
299.4	301.4	0	1000
299.45	301.45	0	1000
299.55	301.55	0	1000
299.6	301.6	0	1000
299.65	301.65	0	1000
299.7	301.7	0	1000
299.75	301.75	0	1000
300.1	302.1	0	1000
300.15	302.15	0	1000
300.2	302.2	0	1000
300.25	302.25	0	1000
300.3	302.3	0	1000
300.35	302.35	0	1000
300.4	302.4	0	1000
300.45	302.45	0	1000
300.5	302.5	0	1000
300.55	302.55	0	1000
300.6	302.6	0	1000
300.65	302.65	0	1000
300.8	302.8	0	1000
300.85	302.85	0	1000
301.05	303.05	0	1000
301.1	303.1	0	1000
301.15	303.15	0	1000
301.25	303.25	0	1000
301.3	303.3	0	1000
301.35	303.35	0	1000
301.4	303.4	0	1000
301.45	303.45	0	1000
301.55	303.55	0	1000
301.6	303.6	0	1000
301.65	303.65	0	1000
301.7	303.7	0	1000
301.8	303.8	0	1000
301.85	303.85	0	1000
301.9	303.9	0	1000
302	304	0	1000
302.1	304.1	0	1000
303	305	0	1000
303.05	305.05	0	1000
303.1	305.1	0	1000
303.15	305.15	0	1000
303.25	305.25	0	1000
303.35	305.35	0	1000
303.5	305.5	0	1000
303.6	305.6	0	1000
303.85	305.85	0	1000
303.95	305.95	0	1000
304.05	306.05	0	1000
304.1	306.1	0	1000
305.8	307.8	0	1000
305.95	307.95	0	1000
306.4	308.4	0	1000
306.5	308.5	0	1000
307.25	309.25	0	1000
307.3	309.3	0	1000
307.35	309.35	0	1000
307.65	309.65	0	1000
307.7	309.7	0	1000
307.75	309.75	0	1000
307.8	309.8	0	1000
307.85	309.85	0	1000
307.9	309.9	0	1000
308	310	0	1000
308.05	310.05	0	1000
308.15	310.15	0	1000
308.2	310.2	0	1000
308.25	310.25	0	1000
308.3	310.3	0	1000
308.35	310.35	0	1000
308.4	310.4	0	1000
308.45	310.45	0	1000
308.5	310.5	0	1000
308.55	310.55	0	1000
308.6	310.6	0	1000
308.65	310.65	0	1000
308.7	310.7	0	1000
308.8	310.8	0	1000
308.85	310.85	0	1000
308.9	310.9	0	1000
309	311	0	1000
309.05	311.05	0	1000
309.1	311.1	0	1000
309.15	311.15	0	1000
309.2	311.2	0	1000
309.3	311.3	0	1000
309.35	311.35	0	1000
309.4	311.4	0	1000
309.45	311.45	0	1000
309.5	311.5	0	1000
309.55	311.55	0	1000
309.6	311.6	0	1000
309.65	311.65	0	1000
309.7	311.7	0	1000
309.75	311.75	0	1000
309.8	311.8	0	1000
309.85	311.85	0	1000
310	312	0	1000
310.05	312.05	0	1000
310.15	312.15	0	1000
310.2	312.2	0	1000
310.25	312.25	0	1000
310.3	312.3	0	1000
310.35	312.35	0	1000
310.45	312.45	0	1000
310.5	312.5	0	1000
310.65	312.65	0	1000
310.7	312.7	0	1000
310.75	312.75	0	1000
310.9	312.9	0	1000
310.95	312.95	0	1000
311.05	313.05	0	1000
311.1	313.1	0	1000
311.15	313.15	0	1000
311.2	313.2	0	1000
311.25	313.25	0	1000
311.35	313.35	0	1000
311.4	313.4	0	1000
311.45	313.45	0	1000
311.5	313.5	0	1000
311.55	313.55	0	1000
311.6	313.6	0	1000
311.65	313.65	0	1000
311.9	313.9	0	1000
311.95	313.95	0	1000
312	314	0	1000
312.05	314.05	0	1000
312.1	314.1	0	1000
312.2	314.2	0	1000
312.25	314.25	0	1000
312.3	314.3	0	1000
312.35	314.35	0	1000
312.4	314.4	0	1000
312.45	314.45	0	1000
312.5	314.5	0	1000
312.55	314.55	0	1000
312.6	314.6	0	1000
312.65	314.65	0	1000
312.7	314.7	0	1000
312.75	314.75	0	1000
312.8	314.8	0	1000
312.85	314.85	0	1000
312.9	314.9	0	1000
312.95	314.95	0	1000
313.05	315.05	0	1000
313.1	315.1	0	1000
313.15	315.15	0	1000
313.25	315.25	0	1000
313.3	315.3	0	1000
313.35	315.35	0	1000
313.45	315.45	0	1000
313.5	315.5	0	1000
313.55	315.55	0	1000
313.7	315.7	0	1000
313.75	315.75	0	1000
313.85	315.85	0	1000
313.9	315.9	0	1000
314	316	0	1000
314.05	316.05	0	1000
314.15	316.15	0	1000
314.25	316.25	0	1000
314.4	316.4	0	1000
314.45	316.45	0	1000
314.5	316.5	0	1000
314.55	316.55	0	1000
314.65	316.65	0	1000
314.7	316.7	0	1000
314.75	316.75	0	1000
314.8	316.8	0	1000
314.85	316.85	0	1000
314.9	316.9	0	1000
314.95	316.95	0	1000
315	317	0	1000
315.05	317.05	0	1000
315.25	317.25	0	1000
315.3	317.3	0	1000
315.4	317.4	0	1000
315.5	317.5	0	1000
315.6	317.6	0	1000
315.65	317.65	0	1000
315.9	317.9	0	1000
316.3	318.3	0	1000
316.8	318.8	0	1000
317.4	319.4	0	1000
317.8	319.8	0	1000
317.85	319.85	0	1000
317.95	319.95	0	1000
318.15	320.15	0	1000
318.2	320.2	0	1000
318.25	320.25	0	1000
318.3	320.3	0	1000
318.35	320.35	0	1000
318.4	320.4	0	1000
318.5	320.5	0	1000
318.55	320.55	0	1000
318.65	320.65	0	1000
318.7	320.7	0	1000
318.75	320.75	0	1000
318.8	320.8	0	1000
318.85	320.85	0	1000
318.9	320.9	0	1000
318.95	320.95	0	1000
319	321	0	1000
319.05	321.05	0	1000
319.1	321.1	0	1000
319.15	321.15	0	1000
319.2	321.2	0	1000
319.25	321.25	0	1000
319.35	321.35	0	1000
319.4	321.4	0	1000
319.45	321.45	0	1000
319.5	321.5	0	1000
319.55	321.55	0	1000
319.6	321.6	0	1000
319.65	321.65	0	1000
319.7	321.7	0	1000
319.75	321.75	0	1000
319.8	321.8	0	1000
319.85	321.85	0	1000
319.9	321.9	0	1000
319.95	321.95	0	1000
320	322	0	1000
320.05	322.05	0	1000
320.1	322.1	0	1000
320.15	322.15	0	1000
320.2	322.2	0	1000
320.25	322.25	0	1000
320.3	322.3	0	1000
320.35	322.35	0	1000
320.5	322.5	0	1000
320.55	322.55	0	1000
320.6	322.6	0	1000
320.65	322.65	0	1000
320.7	322.7	0	1000
320.75	322.75	0	1000
320.8	322.8	0	1000
320.85	322.85	0	1000
320.95	322.95	0	1000
321	323	0	1000
321.05	323.05	0	1000
321.1	323.1	0	1000
321.15	323.15	0	1000
321.2	323.2	0	1000
321.3	323.3	0	1000
321.35	323.35	0	1000
321.4	323.4	0	1000
321.45	323.45	0	1000
321.5	323.5	0	1000
321.55	323.55	0	1000
321.6	323.6	0	1000
321.65	323.65	0	1000
321.7	323.7	0	1000
321.75	323.75	0	1000
321.8	323.8	0	1000
321.85	323.85	0	1000
321.95	323.95	0	1000
322	324	0	1000
322.1	324.1	0	1000
322.15	324.15	0	1000
322.2	324.2	0	1000
322.3	324.3	0	1000
322.35	324.35	0	1000
322.45	324.45	0	1000
322.5	324.5	0	1000
322.55	324.55	0	1000
322.6	324.6	0	1000
322.65	324.65	0	1000
322.7	324.7	0	1000
322.75	324.75	0	1000
322.8	324.8	0	1000
322.85	324.85	0	1000
322.9	324.9	0	1000
322.95	324.95	0	1000
323	325	0	1000
323.05	325.05	0	1000
323.1	325.1	0	1000
323.15	325.15	0	1000
323.25	325.25	0	1000
323.3	325.3	0	1000
323.35	325.35	0	1000
323.4	325.4	0	1000
323.45	325.45	0	1000
323.5	325.5	0	1000
323.55	325.55	0	1000
323.6	325.6	0	1000
323.65	325.65	0	1000
323.7	325.7	0	1000
323.75	325.75	0	1000
323.8	325.8	0	1000
323.85	325.85	0	1000
323.9	325.9	0	1000
323.95	325.95	0	1000
324	326	0	1000
324.05	326.05	0	1000
324.1	326.1	0	1000
324.15	326.15	0	1000
324.2	326.2	0	1000
324.25	326.25	0	1000
324.3	326.3	0	1000
324.35	326.35	0	1000
324.4	326.4	0	1000
324.45	326.45	0	1000
324.5	326.5	0	1000
324.55	326.55	0	1000
324.6	326.6	0	1000
324.65	326.65	0	1000
324.7	326.7	0	1000
324.75	326.75	0	1000
324.8	326.8	0	1000
324.85	326.85	0	1000
324.9	326.9	0	1000
324.95	326.95	0	1000
325	327	0	1000
325.05	327.05	0	1000
325.1	327.1	0	1000
325.15	327.15	0	1000
325.2	327.2	0	1000
325.25	327.25	0	1000
325.3	327.3	0	1000
325.35	327.35	0	1000
325.4	327.4	0	1000
325.45	327.45	0	1000
325.5	327.5	0	1000
325.55	327.55	0	1000
325.6	327.6	0	1000
325.65	327.65	0	1000
325.7	327.7	0	1000
325.75	327.75	0	1000
325.8	327.8	0	1000
325.85	327.85	0	1000
325.9	327.9	0	1000
325.95	327.95	0	1000
326	328	0	1000
326.05	328.05	0	1000
326.1	328.1	0	1000
326.15	328.15	0	1000
326.2	328.2	0	1000
326.25	328.25	0	1000
326.3	328.3	0	1000
326.35	328.35	0	1000
326.4	328.4	0	1000
326.45	328.45	0	1000
326.5	328.5	0	1000
326.55	328.55	0	1000
326.6	328.6	0	1000
326.65	328.65	0	1000
326.7	328.7	0	1000
326.75	328.75	0	1000
326.8	328.8	0	1000
326.85	328.85	0	1000
326.9	328.9	0	1000
326.95	328.95	0	1000
327	329	0	1000
327.05	329.05	0	1000
327.1	329.1	0	1000
327.15	329.15	0	1000
327.2	329.2	0	1000
327.25	329.25	0	1000
327.3	329.3	0	1000
327.35	329.35	0	1000
327.4	329.4	0	1000
327.45	329.45	0	1000
327.5	329.5	0	1000
327.55	329.55	0	1000
327.6	329.6	0	1000
327.65	329.65	0	1000
327.7	329.7	0	1000
327.75	329.75	0	1000
327.8	329.8	0	1000
327.85	329.85	0	1000
327.9	329.9	0	1000
327.95	329.95	0	1000
328	330	0	1000
328.05	330.05	0	1000
328.1	330.1	0	1000
328.15	330.15	0	1000
328.2	330.2	0	1000
328.25	330.25	0	1000
328.3	330.3	0	1000
328.35	330.35	0	1000
328.4	330.4	0	1000
328.55	330.55	0	1000
328.65	330.65	0	1000
328.75	330.75	0	1000
328.85	330.85	0	1000
328.9	330.9	0	1000
329	331	0	1000
329.05	331.05	0	1000
329.15	331.15	0	1000
329.3	331.3	0	1000
329.45	331.45	0	1000
329.5	331.5	0	1000
329.55	331.55	0	1000
329.65	331.65	0	1000
329.7	331.7	0	1000
329.75	331.75	0	1000
329.85	331.85	0	1000
329.9	331.9	0	1000
329.95	331.95	0	1000
330	332	0	1000
330.05	332.05	0	1000
330.1	332.1	0	1000
330.15	332.15	0	1000
330.2	332.2	0	1000
330.3	332.3	0	1000
330.4	332.4	0	1000
330.45	332.45	0	1000
330.5	332.5	0	1000
330.55	332.55	0	1000
330.6	332.6	0	1000
330.65	332.65	0	1000
330.75	332.75	0	1000
330.8	332.8	0	1000
330.85	332.85	0	1000
330.9	332.9	0	1000
330.95	332.95	0	1000
331	333	0	1000
331.05	333.05	0	1000
331.1	333.1	0	1000
331.15	333.15	0	1000
331.25	333.25	0	1000
331.35	333.35	0	1000
331.4	333.4	0	1000
331.45	333.45	0	1000
331.55	333.55	0	1000
331.6	333.6	0	1000
331.65	333.65	0	1000
331.75	333.75	0	1000
331.8	333.8	0	1000
331.9	333.9	0	1000
331.95	333.95	0	1000
332	334	0	1000
332.1	334.1	0	1000
332.3	334.3	0	1000
332.35	334.35	0	1000
332.45	334.45	0	1000
332.5	334.5	0	1000
332.55	334.55	0	1000
332.6	334.6	0	1000
332.75	334.75	0	1000
332.9	334.9	0	1000
332.95	334.95	0	1000
333.35	335.35	0	1000
333.85	335.85	0	1000
333.9	335.9	0	1000
334.05	336.05	0	1000
334.8	336.8	0	1000
334.85	336.85	0	1000
334.9	336.9	0	1000
334.95	336.95	0	1000
335	337	0	1000
335.1	337.1	0	1000
335.2	337.2	0	1000
335.25	337.25	0	1000
335.35	337.35	0	1000
335.4	337.4	0	1000
335.45	337.45	0	1000
335.5	337.5	0	1000
335.65	337.65	0	1000
335.75	337.75	0	1000
335.85	337.85	0	1000
335.9	337.9	0	1000
335.95	337.95	0	1000
336	338	0	1000
336.05	338.05	0	1000
336.1	338.1	0	1000
336.15	338.15	0	1000
336.25	338.25	0	1000
336.3	338.3	0	1000
336.35	338.35	0	1000
336.4	338.4	0	1000
336.5	338.5	0	1000
336.6	338.6	0	1000
336.7	338.7	0	1000
336.75	338.75	0	1000
336.85	338.85	0	1000
336.95	338.95	0	1000
337.2	339.2	0	1000
337.3	339.3	0	1000
337.65	339.65	0	1000
337.7	339.7	0	1000
338.1	340.1	0	1000
338.3	340.3	0	1000
338.45	340.45	0	1000
338.6	340.6	0	1000
338.65	340.65	0	1000
339.05	341.05	0	1000
339.65	341.65	0	1000
341.2	343.2	0	1000
341.35	343.35	0	1000
341.45	343.45	0	1000
341.55	343.55	0	1000
341.6	343.6	0	1000
341.65	343.65	0	1000
341.75	343.75	0	1000
341.8	343.8	0	1000
341.85	343.85	0	1000
341.9	343.9	0	1000
341.95	343.95	0	1000
342	344	0	1000
342.05	344.05	0	1000
342.1	344.1	0	1000
342.15	344.15	0	1000
342.2	344.2	0	1000
342.3	344.3	0	1000
342.35	344.35	0	1000
342.4	344.4	0	1000
342.45	344.45	0	1000
342.5	344.5	0	1000
342.55	344.55	0	1000
342.6	344.6	0	1000
342.65	344.65	0	1000
342.7	344.7	0	1000
342.75	344.75	0	1000
342.8	344.8	0	1000
342.85	344.85	0	1000
342.9	344.9	0	1000
342.95	344.95	0	1000
343	345	0	1000
343.05	345.05	0	1000
343.1	345.1	0	1000
343.15	345.15	0	1000
343.2	345.2	0	1000
343.25	345.25	0	1000
343.3	345.3	0	1000
343.35	345.35	0	1000
343.4	345.4	0	1000
343.5	345.5	0	1000
343.55	345.55	0	1000
343.6	345.6	0	1000
343.7	345.7	0	1000
343.75	345.75	0	1000
343.8	345.8	0	1000
343.95	345.95	0	1000
344.2	346.2	0	1000
344.35	346.35	0	1000
344.45	346.45	0	1000
344.6	346.6	0	1000
344.65	346.65	0	1000
344.7	346.7	0	1000
344.85	346.85	0	1000
344.95	346.95	0	1000
345	347	0	1000
345.05	347.05	0	1000
345.1	347.1	0	1000
345.2	347.2	0	1000
345.25	347.25	0	1000
345.35	347.35	0	1000
345.4	347.4	0	1000
345.5	347.5	0	1000
345.55	347.55	0	1000
345.65	347.65	0	1000
345.7	347.7	0	1000
345.75	347.75	0	1000
345.8	347.8	0	1000
345.9	347.9	0	1000
346	348	0	1000
346.1	348.1	0	1000
346.15	348.15	0	1000
346.25	348.25	0	1000
346.35	348.35	0	1000
346.45	348.45	0	1000
346.5	348.5	0	1000
346.6	348.6	0	1000
346.65	348.65	0	1000
346.7	348.7	0	1000
346.75	348.75	0	1000
346.8	348.8	0	1000
346.85	348.85	0	1000
346.9	348.9	0	1000
346.95	348.95	0	1000
347	349	0	1000
347.05	349.05	0	1000
347.1	349.1	0	1000
347.25	349.25	0	1000
347.45	349.45	0	1000
347.55	349.55	0	1000
347.6	349.6	0	1000
347.65	349.65	0	1000
347.7	349.7	0	1000
347.8	349.8	0	1000
347.9	349.9	0	1000
348.2	350.2	0	1000
348.25	350.25	0	1000
348.3	350.3	0	1000
348.35	350.35	0	1000
348.45	350.45	0	1000
348.5	350.5	0	1000
348.55	350.55	0	1000
348.6	350.6	0	1000
348.65	350.65	0	1000
348.7	350.7	0	1000
348.85	350.85	0	1000
348.9	350.9	0	1000
348.95	350.95	0	1000
349	351	0	1000
349.05	351.05	0	1000
349.15	351.15	0	1000
349.2	351.2	0	1000
349.25	351.25	0	1000
349.3	351.3	0	1000
349.35	351.35	0	1000
349.4	351.4	0	1000
349.45	351.45	0	1000
349.5	351.5	0	1000
349.55	351.55	0	1000
349.6	351.6	0	1000
349.7	351.7	0	1000
349.75	351.75	0	1000
349.8	351.8	0	1000
349.85	351.85	0	1000
349.9	351.9	0	1000
349.95	351.95	0	1000
350	352	0	1000
350.05	352.05	0	1000
350.1	352.1	0	1000
350.15	352.15	0	1000
350.2	352.2	0	1000
350.25	352.25	0	1000
350.3	352.3	0	1000
350.35	352.35	0	1000
350.5	352.5	0	1000
350.55	352.55	0	1000
350.6	352.6	0	1000
350.7	352.7	0	1000
350.8	352.8	0	1000
350.9	352.9	0	1000
351.05	353.05	0	1000
351.1	353.1	0	1000
351.2	353.2	0	1000
351.25	353.25	0	1000
351.3	353.3	0	1000
351.35	353.35	0	1000
351.4	353.4	0	1000
351.5	353.5	0	1000
351.55	353.55	0	1000
351.65	353.65	0	1000
351.75	353.75	0	1000
351.85	353.85	0	1000
351.9	353.9	0	1000
351.95	353.95	0	1000
352.05	354.05	0	1000
352.2	354.2	0	1000
352.25	354.25	0	1000
352.3	354.3	0	1000
352.4	354.4	0	1000
352.45	354.45	0	1000
352.5	354.5	0	1000
352.55	354.55	0	1000
352.6	354.6	0	1000
352.65	354.65	0	1000
352.7	354.7	0	1000
352.75	354.75	0	1000
352.8	354.8	0	1000
352.85	354.85	0	1000
352.9	354.9	0	1000
352.95	354.95	0	1000
353	355	0	1000
353.05	355.05	0	1000
353.1	355.1	0	1000
353.15	355.15	0	1000
353.2	355.2	0	1000
353.25	355.25	0	1000
353.3	355.3	0	1000
353.35	355.35	0	1000
353.5	355.5	0	1000
353.55	355.55	0	1000
353.6	355.6	0	1000
353.65	355.65	0	1000
353.7	355.7	0	1000
353.75	355.75	0	1000
353.85	355.85	0	1000
353.9	355.9	0	1000
353.95	355.95	0	1000
354	356	0	1000
354.05	356.05	0	1000
354.1	356.1	0	1000
354.15	356.15	0	1000
354.2	356.2	0	1000
354.25	356.25	0	1000
354.3	356.3	0	1000
354.35	356.35	0	1000
354.45	356.45	0	1000
354.5	356.5	0	1000
354.55	356.55	0	1000
354.6	356.6	0	1000
354.65	356.65	0	1000
354.7	356.7	0	1000
354.75	356.75	0	1000
354.8	356.8	0	1000
354.9	356.9	0	1000
354.95	356.95	0	1000
355	357	0	1000
355.05	357.05	0	1000
355.1	357.1	0	1000
355.15	357.15	0	1000
355.2	357.2	0	1000
355.25	357.25	0	1000
355.35	357.35	0	1000
355.4	357.4	0	1000
355.45	357.45	0	1000
355.5	357.5	0	1000
355.55	357.55	0	1000
355.6	357.6	0	1000
355.65	357.65	0	1000
355.7	357.7	0	1000
355.75	357.75	0	1000
355.8	357.8	0	1000
355.85	357.85	0	1000
355.95	357.95	0	1000
356.1	358.1	0	1000
356.2	358.2	0	1000
356.3	358.3	0	1000
356.35	358.35	0	1000
356.4	358.4	0	1000
356.45	358.45	0	1000
356.5	358.5	0	1000
356.6	358.6	0	1000
356.65	358.65	0	1000
356.7	358.7	0	1000
356.75	358.75	0	1000
356.8	358.8	0	1000
356.85	358.85	0	1000
356.9	358.9	0	1000
357	359	0	1000
359.35	361.35	0	1000
359.8	361.8	0	1000
359.85	361.85	0	1000
359.9	361.9	0	1000
359.95	361.95	0	1000
360	362	0	1000
360.15	362.15	0	1000
360.2	362.2	0	1000
360.25	362.25	0	1000
360.4	362.4	0	1000
360.45	362.45	0	1000
360.5	362.5	0	1000
360.55	362.55	0	1000
360.6	362.6	0	1000
360.7	362.7	0	1000
360.85	362.85	0	1000
360.95	362.95	0	1000
361	363	0	1000
361.05	363.05	0	1000
361.1	363.1	0	1000
361.15	363.15	0	1000
361.25	363.25	0	1000
361.3	363.3	0	1000
361.4	363.4	0	1000
361.45	363.45	0	1000
361.5	363.5	0	1000
361.55	363.55	0	1000
361.7	363.7	0	1000
361.95	363.95	0	1000
362.2	364.2	0	1000
362.3	364.3	0	1000
362.55	364.55	0	1000
362.7	364.7	0	1000
362.75	364.75	0	1000
362.85	364.85	0	1000
362.95	364.95	0	1000
363	365	0	1000
363.3	365.3	0	1000
363.65	365.65	0	1000
363.7	365.7	0	1000
364.2	366.2	0	1000
364.25	366.25	0	1000
364.3	366.3	0	1000
364.35	366.35	0	1000
364.45	366.45	0	1000
364.6	366.6	0	1000
364.65	366.65	0	1000
364.7	366.7	0	1000
364.75	366.75	0	1000
364.8	366.8	0	1000
364.85	366.85	0	1000
364.9	366.9	0	1000
364.95	366.95	0	1000
365	367	0	1000
365.05	367.05	0	1000
365.1	367.1	0	1000
365.15	367.15	0	1000
365.2	367.2	0	1000
365.25	367.25	0	1000
365.3	367.3	0	1000
365.35	367.35	0	1000
365.4	367.4	0	1000
365.45	367.45	0	1000
365.5	367.5	0	1000
365.55	367.55	0	1000
365.6	367.6	0	1000
365.65	367.65	0	1000
365.7	367.7	0	1000
365.75	367.75	0	1000
365.8	367.8	0	1000
365.85	367.85	0	1000
365.9	367.9	0	1000
365.95	367.95	0	1000
366	368	0	1000
366.05	368.05	0	1000
366.1	368.1	0	1000
366.15	368.15	0	1000
366.2	368.2	0	1000
366.25	368.25	0	1000
366.3	368.3	0	1000
366.35	368.35	0	1000
366.4	368.4	0	1000
366.45	368.45	0	1000
366.5	368.5	0	1000
366.55	368.55	0	1000
366.6	368.6	0	1000
366.7	368.7	0	1000
366.85	368.85	0	1000
367.95	369.95	0	1000
368.05	370.05	0	1000
368.1	370.1	0	1000
368.15	370.15	0	1000
368.25	370.25	0	1000
368.3	370.3	0	1000
368.35	370.35	0	1000
368.4	370.4	0	1000
368.5	370.5	0	1000
368.6	370.6	0	1000
368.65	370.65	0	1000
368.7	370.7	0	1000
368.75	370.75	0	1000
368.8	370.8	0	1000
368.9	370.9	0	1000
368.95	370.95	0	1000
369	371	0	1000
369.05	371.05	0	1000
369.1	371.1	0	1000
369.15	371.15	0	1000
369.2	371.2	0	1000
369.25	371.25	0	1000
369.3	371.3	0	1000
369.35	371.35	0	1000
369.4	371.4	0	1000
369.45	371.45	0	1000
369.5	371.5	0	1000
369.55	371.55	0	1000
369.6	371.6	0	1000
369.65	371.65	0	1000
369.7	371.7	0	1000
369.75	371.75	0	1000
369.8	371.8	0	1000
369.85	371.85	0	1000
369.9	371.9	0	1000
369.95	371.95	0	1000
370.05	372.05	0	1000
370.1	372.1	0	1000
370.15	372.15	0	1000
370.4	372.4	0	1000
370.45	372.45	0	1000
370.5	372.5	0	1000
370.55	372.55	0	1000
370.6	372.6	0	1000
370.7	372.7	0	1000
370.75	372.75	0	1000
370.8	372.8	0	1000
370.95	372.95	0	1000
371	373	0	1000
371.05	373.05	0	1000
371.1	373.1	0	1000
371.15	373.15	0	1000
371.2	373.2	0	1000
371.25	373.25	0	1000
371.35	373.35	0	1000
371.4	373.4	0	1000
371.45	373.45	0	1000
371.5	373.5	0	1000
371.55	373.55	0	1000
371.6	373.6	0	1000
371.65	373.65	0	1000
371.7	373.7	0	1000
371.75	373.75	0	1000
371.8	373.8	0	1000
371.85	373.85	0	1000
371.9	373.9	0	1000
371.95	373.95	0	1000
372	374	0	1000
372.05	374.05	0	1000
372.1	374.1	0	1000
372.15	374.15	0	1000
372.2	374.2	0	1000
372.25	374.25	0	1000
372.3	374.3	0	1000
372.35	374.35	0	1000
372.4	374.4	0	1000
372.45	374.45	0	1000
372.5	374.5	0	1000
372.55	374.55	0	1000
372.6	374.6	0	1000
372.65	374.65	0	1000
372.7	374.7	0	1000
372.75	374.75	0	1000
372.8	374.8	0	1000
372.85	374.85	0	1000
372.9	374.9	0	1000
372.95	374.95	0	1000
373	375	0	1000
373.05	375.05	0	1000
373.1	375.1	0	1000
373.15	375.15	0	1000
373.25	375.25	0	1000
373.3	375.3	0	1000
373.4	375.4	0	1000
373.55	375.55	0	1000
373.65	375.65	0	1000
373.75	375.75	0	1000
373.9	375.9	0	1000
373.95	375.95	0	1000
374.05	376.05	0	1000
374.15	376.15	0	1000
374.2	376.2	0	1000
374.3	376.3	0	1000
374.35	376.35	0	1000
374.45	376.45	0	1000
374.55	376.55	0	1000
374.6	376.6	0	1000
374.7	376.7	0	1000
374.75	376.75	0	1000
374.8	376.8	0	1000
374.85	376.85	0	1000
374.9	376.9	0	1000
375	377	0	1000
375.05	377.05	0	1000
375.2	377.2	0	1000
375.3	377.3	0	1000
375.45	377.45	0	1000
375.6	377.6	0	1000
375.65	377.65	0	1000
375.75	377.75	0	1000
375.85	377.85	0	1000
376	378	0	1000
376.05	378.05	0	1000
376.15	378.15	0	1000
376.35	378.35	0	1000
376.4	378.4	0	1000
376.45	378.45	0	1000
376.55	378.55	0	1000
376.6	378.6	0	1000
376.65	378.65	0	1000
376.7	378.7	0	1000
376.75	378.75	0	1000
376.8	378.8	0	1000
376.85	378.85	0	1000
376.9	378.9	0	1000
376.95	378.95	0	1000
377	379	0	1000
377.05	379.05	0	1000
377.1	379.1	0	1000
377.15	379.15	0	1000
377.2	379.2	0	1000
377.3	379.3	0	1000
377.35	379.35	0	1000
377.4	379.4	0	1000
377.5	379.5	0	1000
377.55	379.55	0	1000
377.6	379.6	0	1000
377.65	379.65	0	1000
377.7	379.7	0	1000
377.9	379.9	0	1000
377.95	379.95	0	1000
378	380	0	1000
378.05	380.05	0	1000
378.1	380.1	0	1000
378.15	380.15	0	1000
378.2	380.2	0	1000
378.25	380.25	0	1000
378.35	380.35	0	1000
378.4	380.4	0	1000
378.5	380.5	0	1000
378.6	380.6	0	1000
378.65	380.65	0	1000
378.8	380.8	0	1000
378.9	380.9	0	1000
378.95	380.95	0	1000
379	381	0	1000
379.25	381.25	0	1000
379.4	381.4	0	1000
379.5	381.5	0	1000
379.7	381.7	0	1000
379.8	381.8	0	1000
379.95	381.95	0	1000
380.35	382.35	0	1000
380.6	382.6	0	1000
380.75	382.75	0	1000
381	383	0	1000
381.2	383.2	0	1000
381.4	383.4	0	1000
381.55	383.55	0	1000
381.7	383.7	0	1000
381.8	383.8	0	1000
382.1	384.1	0	1000
382.15	384.15	0	1000
382.2	384.2	0	1000
382.35	384.35	0	1000
382.5	384.5	0	1000
382.55	384.55	0	1000
382.7	384.7	0	1000
382.75	384.75	0	1000
382.85	384.85	0	1000
382.95	384.95	0	1000
383.15	385.15	0	1000
383.25	385.25	0	1000
383.35	385.35	0	1000
383.5	385.5	0	1000
384.75	386.75	0	1000
384.95	386.95	0	1000
385.1	387.1	0	1000
385.15	387.15	0	1000
385.3	387.3	0	1000
385.4	387.4	0	1000
385.5	387.5	0	1000
385.55	387.55	0	1000
385.7	387.7	0	1000
385.8	387.8	0	1000
385.85	387.85	0	1000
385.95	387.95	0	1000
386.05	388.05	0	1000
386.1	388.1	0	1000
386.2	388.2	0	1000
386.95	388.95	0	1000
387.65	389.65	0	1000
387.75	389.75	0	1000
387.8	389.8	0	1000
387.9	389.9	0	1000
387.95	389.95	0	1000
388.05	390.05	0	1000
388.1	390.1	0	1000
388.15	390.15	0	1000
388.2	390.2	0	1000
388.25	390.25	0	1000
388.4	390.4	0	1000
388.5	390.5	0	1000
388.55	390.55	0	1000
388.6	390.6	0	1000
388.65	390.65	0	1000
388.7	390.7	0	1000
388.75	390.75	0	1000
388.8	390.8	0	1000
388.85	390.85	0	1000
388.9	390.9	0	1000
388.95	390.95	0	1000
389.05	391.05	0	1000
389.1	391.1	0	1000
389.15	391.15	0	1000
389.2	391.2	0	1000
389.25	391.25	0	1000
389.3	391.3	0	1000
389.35	391.35	0	1000
389.4	391.4	0	1000
389.45	391.45	0	1000
389.6	391.6	0	1000
389.85	391.85	0	1000
390.05	392.05	0	1000
390.4	392.4	0	1000
390.6	392.6	0	1000
390.65	392.65	0	1000
390.75	392.75	0	1000
390.8	392.8	0	1000
390.85	392.85	0	1000
390.9	392.9	0	1000
390.95	392.95	0	1000
391	393	0	1000
391.05	393.05	0	1000
391.1	393.1	0	1000
391.15	393.15	0	1000
391.2	393.2	0	1000
391.3	393.3	0	1000
391.35	393.35	0	1000
391.4	393.4	0	1000
391.45	393.45	0	1000
391.55	393.55	0	1000
391.6	393.6	0	1000
391.65	393.65	0	1000
391.75	393.75	0	1000
391.8	393.8	0	1000
391.85	393.85	0	1000
391.95	393.95	0	1000
392	394	0	1000
392.15	394.15	0	1000
392.2	394.2	0	1000
392.3	394.3	0	1000
392.35	394.35	0	1000
392.45	394.45	0	1000
392.5	394.5	0	1000
392.55	394.55	0	1000
392.75	394.75	0	1000
392.8	394.8	0	1000
392.85	394.85	0	1000
392.9	394.9	0	1000
392.95	394.95	0	1000
393	395	0	1000
393.05	395.05	0	1000
393.2	395.2	0	1000
393.25	395.25	0	1000
393.3	395.3	0	1000
393.35	395.35	0	1000
393.5	395.5	0	1000
393.6	395.6	0	1000
393.65	395.65	0	1000
393.7	395.7	0	1000
393.75	395.75	0	1000
394.05	396.05	0	1000
394.1	396.1	0	1000
394.15	396.15	0	1000
394.2	396.2	0	1000
394.4	396.4	0	1000
394.55	396.55	0	1000
394.6	396.6	0	1000
394.65	396.65	0	1000
394.8	396.8	0	1000
394.85	396.85	0	1000
394.9	396.9	0	1000
394.95	396.95	0	1000
395	397	0	1000
395.05	397.05	0	1000
395.1	397.1	0	1000
395.15	397.15	0	1000
395.2	397.2	0	1000
395.25	397.25	0	1000
395.3	397.3	0	1000
395.35	397.35	0	1000
395.4	397.4	0	1000
395.45	397.45	0	1000
395.5	397.5	0	1000
395.55	397.55	0	1000
395.65	397.65	0	1000
395.7	397.7	0	1000
395.75	397.75	0	1000
395.8	397.8	0	1000
395.85	397.85	0	1000
395.9	397.9	0	1000
395.95	397.95	0	1000
396	398	0	1000
396.05	398.05	0	1000
396.1	398.1	0	1000
396.15	398.15	0	1000
396.2	398.2	0	1000
396.25	398.25	0	1000
396.35	398.35	0	1000
396.4	398.4	0	1000
396.45	398.45	0	1000
396.5	398.5	0	1000
396.65	398.65	0	1000
396.85	398.85	0	1000
397	399	0	1000
397.1	399.1	0	1000
397.35	399.35	0	1000
397.4	399.4	0	1000
397.65	399.65	0	1000
