Begin Time (s)	End Time (s)	Low Freq (Hz)	High Freq (Hz)
200	202	0	1000
200.05	202.05	0	1000
200.1	202.1	0	1000
200.15	202.15	0	1000
200.2	202.2	0	1000
200.25	202.25	0	1000
200.3	202.3	0	1000
200.35	202.35	0	1000
200.4	202.4	0	1000
201.05	203.05	0	1000
201.1	203.1	0	1000
201.15	203.15	0	1000
201.2	203.2	0	1000
201.25	203.25	0	1000
201.3	203.3	0	1000
201.35	203.35	0	1000
201.4	203.4	0	1000
201.45	203.45	0	1000
201.5	203.5	0	1000
201.55	203.55	0	1000
201.6	203.6	0	1000
201.65	203.65	0	1000
201.7	203.7	0	1000
201.75	203.75	0	1000
201.8	203.8	0	1000
201.85	203.85	0	1000
201.9	203.9	0	1000
201.95	203.95	0	1000
202	204	0	1000
202.25	204.25	0	1000
202.3	204.3	0	1000
202.35	204.35	0	1000
202.4	204.4	0	1000
202.45	204.45	0	1000
202.5	204.5	0	1000
202.55	204.55	0	1000
202.6	204.6	0	1000
202.65	204.65	0	1000
202.7	204.7	0	1000
202.75	204.75	0	1000
202.8	204.8	0	1000
202.85	204.85	0	1000
202.9	204.9	0	1000
202.95	204.95	0	1000
203	205	0	1000
203.05	205.05	0	1000
203.1	205.1	0	1000
203.15	205.15	0	1000
203.2	205.2	0	1000
203.25	205.25	0	1000
203.3	205.3	0	1000
203.35	205.35	0	1000
203.4	205.4	0	1000
203.45	205.45	0	1000
203.5	205.5	0	1000
203.55	205.55	0	1000
203.6	205.6	0	1000
203.65	205.65	0	1000
203.7	205.7	0	1000
203.75	205.75	0	1000
203.8	205.8	0	1000
203.85	205.85	0	1000
203.9	205.9	0	1000
203.95	205.95	0	1000
204	206	0	1000
204.05	206.05	0	1000
204.1	206.1	0	1000
204.15	206.15	0	1000
204.2	206.2	0	1000
204.25	206.25	0	1000
204.3	206.3	0	1000
204.35	206.35	0	1000
204.4	206.4	0	1000
204.45	206.45	0	1000
204.5	206.5	0	1000
204.55	206.55	0	1000
204.6	206.6	0	1000
204.65	206.65	0	1000
204.7	206.7	0	1000
204.75	206.75	0	1000
204.8	206.8	0	1000
204.85	206.85	0	1000
204.9	206.9	0	1000
204.95	206.95	0	1000
205	207	0	1000
205.05	207.05	0	1000
205.1	207.1	0	1000
205.15	207.15	0	1000
205.2	207.2	0	1000
205.25	207.25	0	1000
205.3	207.3	0	1000
205.35	207.35	0	1000
205.4	207.4	0	1000
205.45	207.45	0	1000
205.5	207.5	0	1000
205.55	207.55	0	1000
205.6	207.6	0	1000
205.65	207.65	0	1000
205.7	207.7	0	1000
205.75	207.75	0	1000
205.8	207.8	0	1000
205.85	207.85	0	1000
205.9	207.9	0	1000
205.95	207.95	0	1000
206	208	0	1000
206.05	208.05	0	1000
206.1	208.1	0	1000
206.15	208.15	0	1000
206.2	208.2	0	1000
206.25	208.25	0	1000
206.3	208.3	0	1000
206.35	208.35	0	1000
206.4	208.4	0	1000
206.45	208.45	0	1000
206.5	208.5	0	1000
206.55	208.55	0	1000
206.6	208.6	0	1000
206.65	208.65	0	1000
206.7	208.7	0	1000
206.75	208.75	0	1000
206.8	208.8	0	1000
206.85	208.85	0	1000
206.9	208.9	0	1000
206.95	208.95	0	1000
207	209	0	1000
207.05	209.05	0	1000
207.1	209.1	0	1000
207.15	209.15	0	1000
207.2	209.2	0	1000
207.25	209.25	0	1000
207.3	209.3	0	1000
207.35	209.35	0	1000
207.4	209.4	0	1000
207.45	209.45	0	1000
207.5	209.5	0	1000
207.55	209.55	0	1000
207.6	209.6	0	1000
207.65	209.65	0	1000
207.7	209.7	0	1000
207.75	209.75	0	1000
207.8	209.8	0	1000
207.85	209.85	0	1000
207.9	209.9	0	1000
207.95	209.95	0	1000
208	210	0	1000
208.05	210.05	0	1000
208.1	210.1	0	1000
208.15	210.15	0	1000
208.2	210.2	0	1000
208.25	210.25	0	1000
208.3	210.3	0	1000
208.35	210.35	0	1000
208.4	210.4	0	1000
208.45	210.45	0	1000
208.5	210.5	0	1000
208.55	210.55	0	1000
208.6	210.6	0	1000
208.65	210.65	0	1000
208.7	210.7	0	1000
208.75	210.75	0	1000
208.8	210.8	0	1000
208.85	210.85	0	1000
208.9	210.9	0	1000
208.95	210.95	0	1000
209	211	0	1000
209.05	211.05	0	1000
209.1	211.1	0	1000
209.15	211.15	0	1000
209.2	211.2	0	1000
209.25	211.25	0	1000
209.3	211.3	0	1000
209.35	211.35	0	1000
209.4	211.4	0	1000
209.45	211.45	0	1000
209.5	211.5	0	1000
209.55	211.55	0	1000
209.6	211.6	0	1000
209.65	211.65	0	1000
209.7	211.7	0	1000
209.75	211.75	0	1000
209.8	211.8	0	1000
209.85	211.85	0	1000
209.9	211.9	0	1000
209.95	211.95	0	1000
210	212	0	1000
210.05	212.05	0	1000
210.1	212.1	0	1000
210.15	212.15	0	1000
210.2	212.2	0	1000
210.25	212.25	0	1000
210.3	212.3	0	1000
210.35	212.35	0	1000
210.4	212.4	0	1000
210.45	212.45	0	1000
210.5	212.5	0	1000
210.55	212.55	0	1000
210.6	212.6	0	1000
210.65	212.65	0	1000
210.7	212.7	0	1000
210.75	212.75	0	1000
210.8	212.8	0	1000
210.85	212.85	0	1000
210.9	212.9	0	1000
210.95	212.95	0	1000
211	213	0	1000
211.05	213.05	0	1000
211.1	213.1	0	1000
211.15	213.15	0	1000
211.2	213.2	0	1000
211.25	213.25	0	1000
211.3	213.3	0	1000
211.35	213.35	0	1000
211.4	213.4	0	1000
211.45	213.45	0	1000
211.5	213.5	0	1000
211.55	213.55	0	1000
211.6	213.6	0	1000
211.65	213.65	0	1000
211.7	213.7	0	1000
211.75	213.75	0	1000
211.8	213.8	0	1000
211.85	213.85	0	1000
211.9	213.9	0	1000
211.95	213.95	0	1000
212	214	0	1000
212.05	214.05	0	1000
212.1	214.1	0	1000
212.15	214.15	0	1000
212.2	214.2	0	1000
212.25	214.25	0	1000
212.3	214.3	0	1000
212.35	214.35	0	1000
212.4	214.4	0	1000
212.45	214.45	0	1000
212.5	214.5	0	1000
212.55	214.55	0	1000
212.6	214.6	0	1000
212.65	214.65	0	1000
212.7	214.7	0	1000
212.75	214.75	0	1000
212.8	214.8	0	1000
212.85	214.85	0	1000
212.9	214.9	0	1000
212.95	214.95	0	1000
213	215	0	1000
213.05	215.05	0	1000
213.1	215.1	0	1000
213.15	215.15	0	1000
213.2	215.2	0	1000
213.25	215.25	0	1000
213.3	215.3	0	1000
213.35	215.35	0	1000
213.4	215.4	0	1000
213.45	215.45	0	1000
213.5	215.5	0	1000
213.55	215.55	0	1000
213.6	215.6	0	1000
213.65	215.65	0	1000
213.7	215.7	0	1000
213.75	215.75	0	1000
213.8	215.8	0	1000
213.85	215.85	0	1000
213.9	215.9	0	1000
213.95	215.95	0	1000
214	216	0	1000
214.05	216.05	0	1000
214.1	216.1	0	1000
214.15	216.15	0	1000
214.2	216.2	0	1000
214.25	216.25	0	1000
214.3	216.3	0	1000
214.35	216.35	0	1000
214.4	216.4	0	1000
214.45	216.45	0	1000
214.5	216.5	0	1000
214.55	216.55	0	1000
214.6	216.6	0	1000
214.65	216.65	0	1000
214.7	216.7	0	1000
214.75	216.75	0	1000
214.8	216.8	0	1000
214.85	216.85	0	1000
214.9	216.9	0	1000
214.95	216.95	0	1000
215	217	0	1000
215.05	217.05	0	1000
215.1	217.1	0	1000
215.15	217.15	0	1000
215.2	217.2	0	1000
215.25	217.25	0	1000
215.3	217.3	0	1000
215.35	217.35	0	1000
215.4	217.4	0	1000
215.45	217.45	0	1000
215.5	217.5	0	1000
215.55	217.55	0	1000
215.6	217.6	0	1000
215.65	217.65	0	1000
215.7	217.7	0	1000
215.75	217.75	0	1000
215.8	217.8	0	1000
215.85	217.85	0	1000
215.9	217.9	0	1000
215.95	217.95	0	1000
216	218	0	1000
216.05	218.05	0	1000
216.1	218.1	0	1000
216.15	218.15	0	1000
216.2	218.2	0	1000
216.25	218.25	0	1000
216.3	218.3	0	1000
216.35	218.35	0	1000
216.4	218.4	0	1000
216.45	218.45	0	1000
216.5	218.5	0	1000
216.55	218.55	0	1000
216.6	218.6	0	1000
216.65	218.65	0	1000
216.7	218.7	0	1000
216.75	218.75	0	1000
216.8	218.8	0	1000
216.85	218.85	0	1000
216.9	218.9	0	1000
222.45	224.45	0	1000
222.5	224.5	0	1000
222.55	224.55	0	1000
222.6	224.6	0	1000
222.65	224.65	0	1000
222.7	224.7	0	1000
222.75	224.75	0	1000
222.8	224.8	0	1000
222.85	224.85	0	1000
222.9	224.9	0	1000
222.95	224.95	0	1000
223	225	0	1000
223.05	225.05	0	1000
223.1	225.1	0	1000
223.15	225.15	0	1000
223.2	225.2	0	1000
223.25	225.25	0	1000
223.3	225.3	0	1000
223.35	225.35	0	1000
223.4	225.4	0	1000
223.45	225.45	0	1000
223.5	225.5	0	1000
223.55	225.55	0	1000
223.6	225.6	0	1000
223.65	225.65	0	1000
223.75	225.75	0	1000
223.95	225.95	0	1000
224	226	0	1000
224.05	226.05	0	1000
224.1	226.1	0	1000
224.15	226.15	0	1000
224.2	226.2	0	1000
224.25	226.25	0	1000
224.3	226.3	0	1000
226.9	228.9	0	1000
226.95	228.95	0	1000
227	229	0	1000
227.05	229.05	0	1000
227.1	229.1	0	1000
227.15	229.15	0	1000
227.2	229.2	0	1000
227.25	229.25	0	1000
227.3	229.3	0	1000
227.35	229.35	0	1000
227.4	229.4	0	1000
227.45	229.45	0	1000
227.5	229.5	0	1000
227.55	229.55	0	1000
227.6	229.6	0	1000
227.65	229.65	0	1000
227.7	229.7	0	1000
227.75	229.75	0	1000
227.8	229.8	0	1000
227.85	229.85	0	1000
227.9	229.9	0	1000
227.95	229.95	0	1000
228	230	0	1000
228.05	230.05	0	1000
228.1	230.1	0	1000
228.15	230.15	0	1000
228.2	230.2	0	1000
228.25	230.25	0	1000
228.3	230.3	0	1000
235.25	237.25	0	1000
235.3	237.3	0	1000
235.35	237.35	0	1000
235.4	237.4	0	1000
235.45	237.45	0	1000
235.5	237.5	0	1000
235.55	237.55	0	1000
235.65	237.65	0	1000
235.7	237.7	0	1000
235.75	237.75	0	1000
235.8	237.8	0	1000
235.85	237.85	0	1000
235.9	237.9	0	1000
235.95	237.95	0	1000
236	238	0	1000
236.05	238.05	0	1000
236.1	238.1	0	1000
236.15	238.15	0	1000
236.2	238.2	0	1000
236.25	238.25	0	1000
236.3	238.3	0	1000
236.35	238.35	0	1000
236.4	238.4	0	1000
236.45	238.45	0	1000
236.5	238.5	0	1000
236.55	238.55	0	1000
236.6	238.6	0	1000
236.65	238.65	0	1000
236.7	238.7	0	1000
236.75	238.75	0	1000
236.8	238.8	0	1000
236.85	238.85	0	1000
236.9	238.9	0	1000
236.95	238.95	0	1000
237	239	0	1000
237.05	239.05	0	1000
237.1	239.1	0	1000
237.15	239.15	0	1000
237.2	239.2	0	1000
237.25	239.25	0	1000
237.3	239.3	0	1000
237.35	239.35	0	1000
237.4	239.4	0	1000
237.45	239.45	0	1000
237.5	239.5	0	1000
237.55	239.55	0	1000
237.6	239.6	0	1000
237.65	239.65	0	1000
237.7	239.7	0	1000
237.75	239.75	0	1000
237.8	239.8	0	1000
237.85	239.85	0	1000
237.9	239.9	0	1000
237.95	239.95	0	1000
238	240	0	1000
238.05	240.05	0	1000
238.1	240.1	0	1000
238.15	240.15	0	1000
238.2	240.2	0	1000
238.25	240.25	0	1000
238.3	240.3	0	1000
238.35	240.35	0	1000
238.4	240.4	0	1000
238.45	240.45	0	1000
238.5	240.5	0	1000
238.55	240.55	0	1000
238.6	240.6	0	1000
238.65	240.65	0	1000
238.7	240.7	0	1000
238.75	240.75	0	1000
238.8	240.8	0	1000
238.85	240.85	0	1000
238.9	240.9	0	1000
238.95	240.95	0	1000
239	241	0	1000
239.05	241.05	0	1000
239.1	241.1	0	1000
239.15	241.15	0	1000
239.2	241.2	0	1000
239.25	241.25	0	1000
239.3	241.3	0	1000
239.35	241.35	0	1000
239.4	241.4	0	1000
239.45	241.45	0	1000
239.5	241.5	0	1000
239.55	241.55	0	1000
239.6	241.6	0	1000
239.65	241.65	0	1000
239.7	241.7	0	1000
239.75	241.75	0	1000
239.8	241.8	0	1000
239.85	241.85	0	1000
239.9	241.9	0	1000
239.95	241.95	0	1000
240	242	0	1000
240.05	242.05	0	1000
240.1	242.1	0	1000
240.15	242.15	0	1000
240.2	242.2	0	1000
240.25	242.25	0	1000
240.3	242.3	0	1000
240.35	242.35	0	1000
240.4	242.4	0	1000
240.45	242.45	0	1000
240.5	242.5	0	1000
240.55	242.55	0	1000
240.6	242.6	0	1000
240.65	242.65	0	1000
240.7	242.7	0	1000
240.75	242.75	0	1000
240.8	242.8	0	1000
240.85	242.85	0	1000
240.9	242.9	0	1000
240.95	242.95	0	1000
241	243	0	1000
241.05	243.05	0	1000
241.1	243.1	0	1000
241.15	243.15	0	1000
241.2	243.2	0	1000
241.25	243.25	0	1000
241.3	243.3	0	1000
241.35	243.35	0	1000
241.4	243.4	0	1000
241.45	243.45	0	1000
241.5	243.5	0	1000
241.55	243.55	0	1000
241.6	243.6	0	1000
241.65	243.65	0	1000
241.7	243.7	0	1000
241.75	243.75	0	1000
241.8	243.8	0	1000
241.85	243.85	0	1000
241.9	243.9	0	1000
241.95	243.95	0	1000
242	244	0	1000
242.05	244.05	0	1000
242.1	244.1	0	1000
242.15	244.15	0	1000
242.2	244.2	0	1000
242.25	244.25	0	1000
242.3	244.3	0	1000
242.35	244.35	0	1000
242.4	244.4	0	1000
242.45	244.45	0	1000
242.5	244.5	0	1000
242.55	244.55	0	1000
242.6	244.6	0	1000
242.65	244.65	0	1000
242.7	244.7	0	1000
242.75	244.75	0	1000
242.8	244.8	0	1000
242.85	244.85	0	1000
242.9	244.9	0	1000
242.95	244.95	0	1000
243	245	0	1000
243.05	245.05	0	1000
243.1	245.1	0	1000
243.15	245.15	0	1000
243.2	245.2	0	1000
243.25	245.25	0	1000
243.3	245.3	0	1000
243.35	245.35	0	1000
243.4	245.4	0	1000
243.45	245.45	0	1000
243.5	245.5	0	1000
243.55	245.55	0	1000
243.6	245.6	0	1000
243.65	245.65	0	1000
243.7	245.7	0	1000
243.75	245.75	0	1000
243.8	245.8	0	1000
243.85	245.85	0	1000
243.9	245.9	0	1000
243.95	245.95	0	1000
244	246	0	1000
244.05	246.05	0	1000
244.1	246.1	0	1000
244.15	246.15	0	1000
244.2	246.2	0	1000
244.25	246.25	0	1000
244.3	246.3	0	1000
244.35	246.35	0	1000
244.4	246.4	0	1000
244.45	246.45	0	1000
244.5	246.5	0	1000
244.55	246.55	0	1000
244.6	246.6	0	1000
244.65	246.65	0	1000
244.7	246.7	0	1000
244.75	246.75	0	1000
244.8	246.8	0	1000
244.85	246.85	0	1000
244.9	246.9	0	1000
244.95	246.95	0	1000
245	247	0	1000
245.05	247.05	0	1000
245.1	247.1	0	1000
245.15	247.15	0	1000
245.2	247.2	0	1000
245.25	247.25	0	1000
245.3	247.3	0	1000
245.35	247.35	0	1000
245.4	247.4	0	1000
245.45	247.45	0	1000
245.5	247.5	0	1000
245.55	247.55	0	1000
245.6	247.6	0	1000
245.65	247.65	0	1000
245.7	247.7	0	1000
245.75	247.75	0	1000
245.8	247.8	0	1000
245.85	247.85	0	1000
245.9	247.9	0	1000
245.95	247.95	0	1000
246	248	0	1000
246.05	248.05	0	1000
246.1	248.1	0	1000
246.15	248.15	0	1000
246.2	248.2	0	1000
250.5	252.5	0	1000
250.55	252.55	0	1000
250.6	252.6	0	1000
250.65	252.65	0	1000
250.7	252.7	0	1000
250.75	252.75	0	1000
250.8	252.8	0	1000
250.85	252.85	0	1000
250.9	252.9	0	1000
250.95	252.95	0	1000
251	253	0	1000
251.05	253.05	0	1000
251.1	253.1	0	1000
251.15	253.15	0	1000
251.2	253.2	0	1000
251.25	253.25	0	1000
251.3	253.3	0	1000
251.35	253.35	0	1000
251.4	253.4	0	1000
251.45	253.45	0	1000
251.5	253.5	0	1000
251.55	253.55	0	1000
251.6	253.6	0	1000
251.65	253.65	0	1000
251.7	253.7	0	1000
251.75	253.75	0	1000
251.8	253.8	0	1000
251.85	253.85	0	1000
251.9	253.9	0	1000
251.95	253.95	0	1000
252	254	0	1000
252.05	254.05	0	1000
252.1	254.1	0	1000
252.15	254.15	0	1000
252.2	254.2	0	1000
252.25	254.25	0	1000
252.3	254.3	0	1000
252.35	254.35	0	1000
252.4	254.4	0	1000
252.45	254.45	0	1000
252.5	254.5	0	1000
252.55	254.55	0	1000
252.6	254.6	0	1000
252.65	254.65	0	1000
252.7	254.7	0	1000
252.75	254.75	0	1000
252.8	254.8	0	1000
252.85	254.85	0	1000
252.9	254.9	0	1000
252.95	254.95	0	1000
253	255	0	1000
253.05	255.05	0	1000
253.1	255.1	0	1000
253.15	255.15	0	1000
253.2	255.2	0	1000
253.25	255.25	0	1000
253.3	255.3	0	1000
253.35	255.35	0	1000
253.4	255.4	0	1000
253.45	255.45	0	1000
253.5	255.5	0	1000
253.55	255.55	0	1000
253.6	255.6	0	1000
253.65	255.65	0	1000
253.7	255.7	0	1000
253.75	255.75	0	1000
254.15	256.15	0	1000
254.35	256.35	0	1000
254.4	256.4	0	1000
254.45	256.45	0	1000
254.5	256.5	0	1000
254.55	256.55	0	1000
254.6	256.6	0	1000
254.65	256.65	0	1000
254.7	256.7	0	1000
254.75	256.75	0	1000
254.8	256.8	0	1000
254.85	256.85	0	1000
254.9	256.9	0	1000
254.95	256.95	0	1000
255.05	257.05	0	1000
255.1	257.1	0	1000
255.3	257.3	0	1000
255.35	257.35	0	1000
255.7	257.7	0	1000
255.75	257.75	0	1000
255.8	257.8	0	1000
255.85	257.85	0	1000
255.9	257.9	0	1000
255.95	257.95	0	1000
256	258	0	1000
256.05	258.05	0	1000
256.1	258.1	0	1000
256.15	258.15	0	1000
256.2	258.2	0	1000
256.25	258.25	0	1000
256.3	258.3	0	1000
256.35	258.35	0	1000
256.7	258.7	0	1000
256.75	258.75	0	1000
256.8	258.8	0	1000
256.85	258.85	0	1000
256.9	258.9	0	1000
256.95	258.95	0	1000
257	259	0	1000
257.05	259.05	0	1000
257.1	259.1	0	1000
257.15	259.15	0	1000
257.2	259.2	0	1000
257.25	259.25	0	1000
257.3	259.3	0	1000
257.35	259.35	0	1000
257.4	259.4	0	1000
257.45	259.45	0	1000
257.5	259.5	0	1000
257.55	259.55	0	1000
257.6	259.6	0	1000
257.65	259.65	0	1000
257.7	259.7	0	1000
257.75	259.75	0	1000
257.8	259.8	0	1000
257.85	259.85	0	1000
257.9	259.9	0	1000
257.95	259.95	0	1000
258	260	0	1000
258.05	260.05	0	1000
258.1	260.1	0	1000
258.15	260.15	0	1000
258.2	260.2	0	1000
258.25	260.25	0	1000
258.3	260.3	0	1000
258.35	260.35	0	1000
258.4	260.4	0	1000
258.45	260.45	0	1000
258.5	260.5	0	1000
258.55	260.55	0	1000
258.6	260.6	0	1000
258.65	260.65	0	1000
258.7	260.7	0	1000
258.75	260.75	0	1000
258.8	260.8	0	1000
258.85	260.85	0	1000
258.9	260.9	0	1000
258.95	260.95	0	1000
259	261	0	1000
259.05	261.05	0	1000
259.1	261.1	0	1000
259.15	261.15	0	1000
259.2	261.2	0	1000
259.25	261.25	0	1000
259.3	261.3	0	1000
259.35	261.35	0	1000
259.4	261.4	0	1000
259.45	261.45	0	1000
259.5	261.5	0	1000
259.55	261.55	0	1000
259.6	261.6	0	1000
259.65	261.65	0	1000
259.7	261.7	0	1000
259.75	261.75	0	1000
259.8	261.8	0	1000
259.85	261.85	0	1000
259.9	261.9	0	1000
259.95	261.95	0	1000
260	262	0	1000
260.05	262.05	0	1000
260.1	262.1	0	1000
260.15	262.15	0	1000
260.2	262.2	0	1000
260.25	262.25	0	1000
260.3	262.3	0	1000
260.35	262.35	0	1000
260.4	262.4	0	1000
260.45	262.45	0	1000
260.5	262.5	0	1000
260.55	262.55	0	1000
260.6	262.6	0	1000
260.65	262.65	0	1000
260.7	262.7	0	1000
260.75	262.75	0	1000
260.8	262.8	0	1000
260.85	262.85	0	1000
260.9	262.9	0	1000
260.95	262.95	0	1000
261	263	0	1000
261.05	263.05	0	1000
261.1	263.1	0	1000
261.15	263.15	0	1000
261.2	263.2	0	1000
261.25	263.25	0	1000
261.3	263.3	0	1000
261.35	263.35	0	1000
261.4	263.4	0	1000
261.45	263.45	0	1000
261.5	263.5	0	1000
261.55	263.55	0	1000
261.6	263.6	0	1000
261.65	263.65	0	1000
261.7	263.7	0	1000
261.75	263.75	0	1000
261.8	263.8	0	1000
261.85	263.85	0	1000
261.9	263.9	0	1000
261.95	263.95	0	1000
262	264	0	1000
262.05	264.05	0	1000
262.1	264.1	0	1000
262.15	264.15	0	1000
262.2	264.2	0	1000
262.25	264.25	0	1000
262.3	264.3	0	1000
262.35	264.35	0	1000
262.4	264.4	0	1000
262.45	264.45	0	1000
262.5	264.5	0	1000
262.55	264.55	0	1000
262.6	264.6	0	1000
262.65	264.65	0	1000
262.7	264.7	0	1000
262.75	264.75	0	1000
262.8	264.8	0	1000
262.85	264.85	0	1000
263.95	265.95	0	1000
264	266	0	1000
264.05	266.05	0	1000
264.1	266.1	0	1000
264.15	266.15	0	1000
264.2	266.2	0	1000
264.25	266.25	0	1000
264.3	266.3	0	1000
264.35	266.35	0	1000
264.4	266.4	0	1000
264.45	266.45	0	1000
264.5	266.5	0	1000
264.55	266.55	0	1000
264.6	266.6	0	1000
264.65	266.65	0	1000
264.7	266.7	0	1000
264.75	266.75	0	1000
264.8	266.8	0	1000
264.85	266.85	0	1000
264.9	266.9	0	1000
264.95	266.95	0	1000
265	267	0	1000
265.05	267.05	0	1000
265.1	267.1	0	1000
265.15	267.15	0	1000
265.2	267.2	0	1000
265.25	267.25	0	1000
265.3	267.3	0	1000
265.35	267.35	0	1000
265.4	267.4	0	1000
265.45	267.45	0	1000
265.5	267.5	0	1000
265.55	267.55	0	1000
265.6	267.6	0	1000
265.65	267.65	0	1000
265.7	267.7	0	1000
265.75	267.75	0	1000
265.8	267.8	0	1000
265.85	267.85	0	1000
265.9	267.9	0	1000
265.95	267.95	0	1000
266	268	0	1000
266.05	268.05	0	1000
266.1	268.1	0	1000
266.15	268.15	0	1000
266.2	268.2	0	1000
266.25	268.25	0	1000
266.3	268.3	0	1000
266.35	268.35	0	1000
266.4	268.4	0	1000
266.45	268.45	0	1000
266.5	268.5	0	1000
266.55	268.55	0	1000
266.6	268.6	0	1000
266.65	268.65	0	1000
270.35	272.35	0	1000
270.4	272.4	0	1000
270.45	272.45	0	1000
270.5	272.5	0	1000
270.55	272.55	0	1000
270.6	272.6	0	1000
270.65	272.65	0	1000
270.7	272.7	0	1000
270.75	272.75	0	1000
270.8	272.8	0	1000
270.85	272.85	0	1000
270.9	272.9	0	1000
270.95	272.95	0	1000
271	273	0	1000
271.05	273.05	0	1000
271.1	273.1	0	1000
271.15	273.15	0	1000
271.2	273.2	0	1000
271.25	273.25	0	1000
271.3	273.3	0	1000
271.35	273.35	0	1000
271.4	273.4	0	1000
271.45	273.45	0	1000
271.5	273.5	0	1000
271.55	273.55	0	1000
271.6	273.6	0	1000
271.65	273.65	0	1000
271.7	273.7	0	1000
271.75	273.75	0	1000
271.8	273.8	0	1000
271.85	273.85	0	1000
271.9	273.9	0	1000
271.95	273.95	0	1000
272	274	0	1000
272.05	274.05	0	1000
272.1	274.1	0	1000
272.15	274.15	0	1000
272.2	274.2	0	1000
272.25	274.25	0	1000
272.3	274.3	0	1000
272.35	274.35	0	1000
272.4	274.4	0	1000
272.45	274.45	0	1000
272.5	274.5	0	1000
272.55	274.55	0	1000
272.6	274.6	0	1000
272.65	274.65	0	1000
272.7	274.7	0	1000
272.75	274.75	0	1000
272.8	274.8	0	1000
272.85	274.85	0	1000
272.9	274.9	0	1000
272.95	274.95	0	1000
273	275	0	1000
273.05	275.05	0	1000
273.1	275.1	0	1000
273.15	275.15	0	1000
273.2	275.2	0	1000
273.25	275.25	0	1000
273.3	275.3	0	1000
273.35	275.35	0	1000
273.4	275.4	0	1000
273.45	275.45	0	1000
273.5	275.5	0	1000
273.55	275.55	0	1000
273.6	275.6	0	1000
273.65	275.65	0	1000
273.7	275.7	0	1000
273.75	275.75	0	1000
273.8	275.8	0	1000
273.85	275.85	0	1000
273.9	275.9	0	1000
273.95	275.95	0	1000
274	276	0	1000
274.05	276.05	0	1000
274.1	276.1	0	1000
274.15	276.15	0	1000
274.2	276.2	0	1000
274.25	276.25	0	1000
274.3	276.3	0	1000
274.35	276.35	0	1000
274.4	276.4	0	1000
274.45	276.45	0	1000
274.5	276.5	0	1000
274.55	276.55	0	1000
274.6	276.6	0	1000
274.65	276.65	0	1000
274.7	276.7	0	1000
274.75	276.75	0	1000
274.8	276.8	0	1000
274.85	276.85	0	1000
274.9	276.9	0	1000
274.95	276.95	0	1000
275	277	0	1000
275.05	277.05	0	1000
275.1	277.1	0	1000
275.15	277.15	0	1000
275.2	277.2	0	1000
275.25	277.25	0	1000
275.3	277.3	0	1000
275.35	277.35	0	1000
275.4	277.4	0	1000
275.45	277.45	0	1000
275.5	277.5	0	1000
275.55	277.55	0	1000
275.6	277.6	0	1000
275.65	277.65	0	1000
275.7	277.7	0	1000
275.75	277.75	0	1000
275.8	277.8	0	1000
275.85	277.85	0	1000
275.9	277.9	0	1000
275.95	277.95	0	1000
276	278	0	1000
276.05	278.05	0	1000
276.1	278.1	0	1000
276.15	278.15	0	1000
276.2	278.2	0	1000
276.25	278.25	0	1000
276.3	278.3	0	1000
276.35	278.35	0	1000
276.4	278.4	0	1000
276.45	278.45	0	1000
276.5	278.5	0	1000
276.55	278.55	0	1000
276.6	278.6	0	1000
276.65	278.65	0	1000
276.7	278.7	0	1000
276.75	278.75	0	1000
276.8	278.8	0	1000
276.85	278.85	0	1000
276.9	278.9	0	1000
276.95	278.95	0	1000
277	279	0	1000
277.05	279.05	0	1000
277.1	279.1	0	1000
277.15	279.15	0	1000
277.25	279.25	0	1000
277.3	279.3	0	1000
277.35	279.35	0	1000
277.4	279.4	0	1000
277.45	279.45	0	1000
277.5	279.5	0	1000
277.55	279.55	0	1000
277.6	279.6	0	1000
277.65	279.65	0	1000
277.7	279.7	0	1000
277.75	279.75	0	1000
277.8	279.8	0	1000
277.85	279.85	0	1000
277.9	279.9	0	1000
277.95	279.95	0	1000
278	280	0	1000
278.05	280.05	0	1000
278.1	280.1	0	1000
278.15	280.15	0	1000
278.2	280.2	0	1000
278.25	280.25	0	1000
278.3	280.3	0	1000
278.35	280.35	0	1000
278.4	280.4	0	1000
278.45	280.45	0	1000
278.5	280.5	0	1000
278.55	280.55	0	1000
278.6	280.6	0	1000
278.65	280.65	0	1000
278.7	280.7	0	1000
278.75	280.75	0	1000
278.8	280.8	0	1000
278.9	280.9	0	1000
278.95	280.95	0	1000
279	281	0	1000
280.3	282.3	0	1000
280.35	282.35	0	1000
280.4	282.4	0	1000
280.45	282.45	0	1000
280.5	282.5	0	1000
280.55	282.55	0	1000
280.6	282.6	0	1000
280.65	282.65	0	1000
280.7	282.7	0	1000
280.75	282.75	0	1000
280.8	282.8	0	1000
280.85	282.85	0	1000
280.9	282.9	0	1000
280.95	282.95	0	1000
281	283	0	1000
281.05	283.05	0	1000
281.1	283.1	0	1000
281.15	283.15	0	1000
281.2	283.2	0	1000
281.25	283.25	0	1000
281.3	283.3	0	1000
281.35	283.35	0	1000
281.4	283.4	0	1000
281.45	283.45	0	1000
281.5	283.5	0	1000
281.55	283.55	0	1000
281.6	283.6	0	1000
284.4	286.4	0	1000
284.5	286.5	0	1000
284.55	286.55	0	1000
284.6	286.6	0	1000
284.65	286.65	0	1000
284.7	286.7	0	1000
284.75	286.75	0	1000
284.8	286.8	0	1000
284.85	286.85	0	1000
284.9	286.9	0	1000
284.95	286.95	0	1000
285	287	0	1000
285.05	287.05	0	1000
285.1	287.1	0	1000
285.15	287.15	0	1000
285.2	287.2	0	1000
285.25	287.25	0	1000
285.3	287.3	0	1000
285.35	287.35	0	1000
285.4	287.4	0	1000
285.45	287.45	0	1000
285.5	287.5	0	1000
285.55	287.55	0	1000
285.6	287.6	0	1000
285.65	287.65	0	1000
285.7	287.7	0	1000
285.75	287.75	0	1000
285.8	287.8	0	1000
285.85	287.85	0	1000
285.9	287.9	0	1000
285.95	287.95	0	1000
286	288	0	1000
286.05	288.05	0	1000
286.1	288.1	0	1000
286.15	288.15	0	1000
291.6	293.6	0	1000
291.65	293.65	0	1000
291.75	293.75	0	1000
291.8	293.8	0	1000
291.85	293.85	0	1000
291.9	293.9	0	1000
291.95	293.95	0	1000
292.25	294.25	0	1000
292.3	294.3	0	1000
292.35	294.35	0	1000
292.4	294.4	0	1000
297.95	299.95	0	1000
298	300	0	1000
298.05	300.05	0	1000
298.1	300.1	0	1000
298.15	300.15	0	1000
298.2	300.2	0	1000
298.25	300.25	0	1000
298.3	300.3	0	1000
298.35	300.35	0	1000
298.4	300.4	0	1000
298.45	300.45	0	1000
298.5	300.5	0	1000
298.55	300.55	0	1000
298.6	300.6	0	1000
298.65	300.65	0	1000
298.7	300.7	0	1000
298.75	300.75	0	1000
298.8	300.8	0	1000
298.85	300.85	0	1000
298.9	300.9	0	1000
298.95	300.95	0	1000
299	301	0	1000
299.05	301.05	0	1000
299.1	301.1	0	1000
299.15	301.15	0	1000
299.2	301.2	0	1000
299.25	301.25	0	1000
308.85	310.85	0	1000
308.9	310.9	0	1000
308.95	310.95	0	1000
309	311	0	1000
309.05	311.05	0	1000
309.1	311.1	0	1000
309.15	311.15	0	1000
309.2	311.2	0	1000
309.25	311.25	0	1000
309.3	311.3	0	1000
309.35	311.35	0	1000
309.4	311.4	0	1000
309.45	311.45	0	1000
309.5	311.5	0	1000
309.55	311.55	0	1000
309.6	311.6	0	1000
309.65	311.65	0	1000
309.7	311.7	0	1000
309.75	311.75	0	1000
309.8	311.8	0	1000
309.85	311.85	0	1000
309.9	311.9	0	1000
309.95	311.95	0	1000
310	312	0	1000
310.05	312.05	0	1000
310.1	312.1	0	1000
310.15	312.15	0	1000
310.2	312.2	0	1000
310.25	312.25	0	1000
310.3	312.3	0	1000
310.35	312.35	0	1000
310.4	312.4	0	1000
310.45	312.45	0	1000
310.5	312.5	0	1000
310.55	312.55	0	1000
310.6	312.6	0	1000
310.65	312.65	0	1000
310.7	312.7	0	1000
310.75	312.75	0	1000
310.8	312.8	0	1000
310.85	312.85	0	1000
310.9	312.9	0	1000
310.95	312.95	0	1000
311	313	0	1000
311.05	313.05	0	1000
311.1	313.1	0	1000
311.15	313.15	0	1000
311.2	313.2	0	1000
311.25	313.25	0	1000
311.75	313.75	0	1000
312.35	314.35	0	1000
312.4	314.4	0	1000
312.45	314.45	0	1000
312.55	314.55	0	1000
312.6	314.6	0	1000
312.65	314.65	0	1000
312.7	314.7	0	1000
312.75	314.75	0	1000
312.8	314.8	0	1000
312.85	314.85	0	1000
312.9	314.9	0	1000
312.95	314.95	0	1000
313	315	0	1000
313.05	315.05	0	1000
313.1	315.1	0	1000
313.15	315.15	0	1000
313.2	315.2	0	1000
313.25	315.25	0	1000
313.3	315.3	0	1000
313.35	315.35	0	1000
313.4	315.4	0	1000
313.45	315.45	0	1000
313.5	315.5	0	1000
313.55	315.55	0	1000
313.6	315.6	0	1000
313.65	315.65	0	1000
313.7	315.7	0	1000
313.75	315.75	0	1000
313.8	315.8	0	1000
313.85	315.85	0	1000
313.9	315.9	0	1000
313.95	315.95	0	1000
314	316	0	1000
314.05	316.05	0	1000
314.1	316.1	0	1000
314.15	316.15	0	1000
314.2	316.2	0	1000
314.25	316.25	0	1000
314.3	316.3	0	1000
314.35	316.35	0	1000
314.4	316.4	0	1000
314.45	316.45	0	1000
314.5	316.5	0	1000
314.55	316.55	0	1000
314.6	316.6	0	1000
314.65	316.65	0	1000
314.7	316.7	0	1000
314.75	316.75	0	1000
314.8	316.8	0	1000
314.85	316.85	0	1000
314.9	316.9	0	1000
314.95	316.95	0	1000
315	317	0	1000
315.05	317.05	0	1000
315.1	317.1	0	1000
315.15	317.15	0	1000
315.2	317.2	0	1000
315.25	317.25	0	1000
315.3	317.3	0	1000
315.35	317.35	0	1000
315.4	317.4	0	1000
315.45	317.45	0	1000
315.5	317.5	0	1000
315.55	317.55	0	1000
315.6	317.6	0	1000
315.65	317.65	0	1000
315.7	317.7	0	1000
315.75	317.75	0	1000
315.8	317.8	0	1000
315.85	317.85	0	1000
315.9	317.9	0	1000
315.95	317.95	0	1000
316	318	0	1000
316.05	318.05	0	1000
316.1	318.1	0	1000
316.15	318.15	0	1000
316.2	318.2	0	1000
316.25	318.25	0	1000
316.3	318.3	0	1000
316.35	318.35	0	1000
316.4	318.4	0	1000
316.45	318.45	0	1000
316.5	318.5	0	1000
316.55	318.55	0	1000
316.6	318.6	0	1000
316.65	318.65	0	1000
316.7	318.7	0	1000
316.75	318.75	0	1000
316.8	318.8	0	1000
316.85	318.85	0	1000
316.9	318.9	0	1000
316.95	318.95	0	1000
317	319	0	1000
321.8	323.8	0	1000
321.85	323.85	0	1000
321.9	323.9	0	1000
321.95	323.95	0	1000
322	324	0	1000
322.05	324.05	0	1000
322.1	324.1	0	1000
322.15	324.15	0	1000
322.2	324.2	0	1000
322.25	324.25	0	1000
322.3	324.3	0	1000
322.35	324.35	0	1000
322.4	324.4	0	1000
322.45	324.45	0	1000
322.5	324.5	0	1000
322.55	324.55	0	1000
322.6	324.6	0	1000
322.65	324.65	0	1000
322.7	324.7	0	1000
322.75	324.75	0	1000
322.8	324.8	0	1000
322.85	324.85	0	1000
322.9	324.9	0	1000
322.95	324.95	0	1000
323	325	0	1000
323.05	325.05	0	1000
323.1	325.1	0	1000
323.15	325.15	0	1000
323.2	325.2	0	1000
323.25	325.25	0	1000
323.3	325.3	0	1000
323.35	325.35	0	1000
323.4	325.4	0	1000
323.45	325.45	0	1000
323.5	325.5	0	1000
323.55	325.55	0	1000
323.6	325.6	0	1000
323.65	325.65	0	1000
323.7	325.7	0	1000
323.75	325.75	0	1000
323.8	325.8	0	1000
323.85	325.85	0	1000
323.9	325.9	0	1000
323.95	325.95	0	1000
324	326	0	1000
324.05	326.05	0	1000
324.1	326.1	0	1000
324.15	326.15	0	1000
324.2	326.2	0	1000
324.25	326.25	0	1000
324.3	326.3	0	1000
324.35	326.35	0	1000
324.4	326.4	0	1000
324.45	326.45	0	1000
324.5	326.5	0	1000
324.55	326.55	0	1000
324.6	326.6	0	1000
324.65	326.65	0	1000
324.7	326.7	0	1000
324.75	326.75	0	1000
324.8	326.8	0	1000
324.85	326.85	0	1000
324.9	326.9	0	1000
324.95	326.95	0	1000
325	327	0	1000
325.05	327.05	0	1000
325.1	327.1	0	1000
325.15	327.15	0	1000
325.2	327.2	0	1000
325.25	327.25	0	1000
325.3	327.3	0	1000
325.35	327.35	0	1000
325.4	327.4	0	1000
325.45	327.45	0	1000
325.5	327.5	0	1000
325.55	327.55	0	1000
325.6	327.6	0	1000
325.65	327.65	0	1000
325.7	327.7	0	1000
325.75	327.75	0	1000
325.8	327.8	0	1000
325.85	327.85	0	1000
325.9	327.9	0	1000
325.95	327.95	0	1000
326	328	0	1000
326.05	328.05	0	1000
326.1	328.1	0	1000
326.15	328.15	0	1000
326.2	328.2	0	1000
326.25	328.25	0	1000
326.3	328.3	0	1000
326.35	328.35	0	1000
326.4	328.4	0	1000
326.45	328.45	0	1000
326.5	328.5	0	1000
326.55	328.55	0	1000
326.6	328.6	0	1000
326.65	328.65	0	1000
326.7	328.7	0	1000
326.75	328.75	0	1000
326.8	328.8	0	1000
326.85	328.85	0	1000
326.9	328.9	0	1000
326.95	328.95	0	1000
327	329	0	1000
327.05	329.05	0	1000
327.1	329.1	0	1000
327.15	329.15	0	1000
327.2	329.2	0	1000
327.25	329.25	0	1000
327.3	329.3	0	1000
327.35	329.35	0	1000
327.4	329.4	0	1000
327.45	329.45	0	1000
327.5	329.5	0	1000
327.55	329.55	0	1000
327.6	329.6	0	1000
327.65	329.65	0	1000
327.7	329.7	0	1000
327.75	329.75	0	1000
327.8	329.8	0	1000
327.85	329.85	0	1000
327.9	329.9	0	1000
327.95	329.95	0	1000
328	330	0	1000
328.05	330.05	0	1000
328.1	330.1	0	1000
328.15	330.15	0	1000
328.2	330.2	0	1000
328.25	330.25	0	1000
328.3	330.3	0	1000
328.35	330.35	0	1000
328.4	330.4	0	1000
328.45	330.45	0	1000
328.5	330.5	0	1000
328.55	330.55	0	1000
328.6	330.6	0	1000
328.65	330.65	0	1000
328.7	330.7	0	1000
328.75	330.75	0	1000
328.8	330.8	0	1000
328.85	330.85	0	1000
328.9	330.9	0	1000
328.95	330.95	0	1000
329	331	0	1000
329.05	331.05	0	1000
329.1	331.1	0	1000
329.15	331.15	0	1000
329.2	331.2	0	1000
329.25	331.25	0	1000
329.3	331.3	0	1000
329.35	331.35	0	1000
329.4	331.4	0	1000
329.45	331.45	0	1000
329.5	331.5	0	1000
329.55	331.55	0	1000
329.6	331.6	0	1000
329.65	331.65	0	1000
329.7	331.7	0	1000
329.75	331.75	0	1000
329.8	331.8	0	1000
329.85	331.85	0	1000
329.9	331.9	0	1000
329.95	331.95	0	1000
330	332	0	1000
330.05	332.05	0	1000
330.1	332.1	0	1000
330.15	332.15	0	1000
330.2	332.2	0	1000
330.25	332.25	0	1000
330.3	332.3	0	1000
330.35	332.35	0	1000
330.4	332.4	0	1000
330.45	332.45	0	1000
330.5	332.5	0	1000
330.55	332.55	0	1000
330.6	332.6	0	1000
330.65	332.65	0	1000
330.7	332.7	0	1000
330.75	332.75	0	1000
330.8	332.8	0	1000
330.85	332.85	0	1000
330.9	332.9	0	1000
330.95	332.95	0	1000
331	333	0	1000
331.05	333.05	0	1000
331.1	333.1	0	1000
331.15	333.15	0	1000
331.2	333.2	0	1000
331.25	333.25	0	1000
331.3	333.3	0	1000
331.35	333.35	0	1000
331.4	333.4	0	1000
331.45	333.45	0	1000
331.5	333.5	0	1000
331.55	333.55	0	1000
331.6	333.6	0	1000
331.65	333.65	0	1000
331.7	333.7	0	1000
331.75	333.75	0	1000
331.8	333.8	0	1000
331.85	333.85	0	1000
331.9	333.9	0	1000
331.95	333.95	0	1000
332	334	0	1000
332.05	334.05	0	1000
332.1	334.1	0	1000
332.15	334.15	0	1000
332.2	334.2	0	1000
332.25	334.25	0	1000
332.3	334.3	0	1000
332.35	334.35	0	1000
332.4	334.4	0	1000
332.45	334.45	0	1000
332.5	334.5	0	1000
332.55	334.55	0	1000
332.6	334.6	0	1000
332.65	334.65	0	1000
332.7	334.7	0	1000
332.75	334.75	0	1000
332.8	334.8	0	1000
332.85	334.85	0	1000
332.9	334.9	0	1000
332.95	334.95	0	1000
333	335	0	1000
333.05	335.05	0	1000
333.3	335.3	0	1000
333.45	335.45	0	1000
333.5	335.5	0	1000
333.55	335.55	0	1000
333.6	335.6	0	1000
333.65	335.65	0	1000
333.7	335.7	0	1000
334.65	336.65	0	1000
334.75	336.75	0	1000
342.1	344.1	0	1000
342.65	344.65	0	1000
342.7	344.7	0	1000
342.75	344.75	0	1000
342.8	344.8	0	1000
342.85	344.85	0	1000
353.25	355.25	0	1000
353.3	355.3	0	1000
353.35	355.35	0	1000
353.4	355.4	0	1000
353.45	355.45	0	1000
353.5	355.5	0	1000
353.55	355.55	0	1000
353.6	355.6	0	1000
353.65	355.65	0	1000
353.7	355.7	0	1000
353.75	355.75	0	1000
353.8	355.8	0	1000
353.85	355.85	0	1000
353.9	355.9	0	1000
353.95	355.95	0	1000
354	356	0	1000
354.05	356.05	0	1000
354.1	356.1	0	1000
354.15	356.15	0	1000
354.2	356.2	0	1000
354.25	356.25	0	1000
354.3	356.3	0	1000
354.35	356.35	0	1000
354.4	356.4	0	1000
354.45	356.45	0	1000
354.5	356.5	0	1000
354.55	356.55	0	1000
354.6	356.6	0	1000
354.65	356.65	0	1000
354.7	356.7	0	1000
354.75	356.75	0	1000
354.8	356.8	0	1000
354.85	356.85	0	1000
354.9	356.9	0	1000
354.95	356.95	0	1000
355	357	0	1000
355.05	357.05	0	1000
355.1	357.1	0	1000
355.15	357.15	0	1000
355.2	357.2	0	1000
355.25	357.25	0	1000
355.3	357.3	0	1000
355.35	357.35	0	1000
355.4	357.4	0	1000
355.45	357.45	0	1000
355.5	357.5	0	1000
355.55	357.55	0	1000
355.6	357.6	0	1000
355.65	357.65	0	1000
355.7	357.7	0	1000
355.75	357.75	0	1000
355.8	357.8	0	1000
355.85	357.85	0	1000
355.9	357.9	0	1000
355.95	357.95	0	1000
356	358	0	1000
356.05	358.05	0	1000
356.1	358.1	0	1000
356.15	358.15	0	1000
356.2	358.2	0	1000
356.25	358.25	0	1000
356.3	358.3	0	1000
356.35	358.35	0	1000
356.4	358.4	0	1000
356.45	358.45	0	1000
356.5	358.5	0	1000
356.55	358.55	0	1000
356.6	358.6	0	1000
356.65	358.65	0	1000
356.7	358.7	0	1000
356.75	358.75	0	1000
356.8	358.8	0	1000
356.85	358.85	0	1000
356.9	358.9	0	1000
356.95	358.95	0	1000
357	359	0	1000
357.05	359.05	0	1000
357.1	359.1	0	1000
357.15	359.15	0	1000
357.2	359.2	0	1000
357.25	359.25	0	1000
357.3	359.3	0	1000
357.35	359.35	0	1000
357.4	359.4	0	1000
357.45	359.45	0	1000
357.5	359.5	0	1000
357.55	359.55	0	1000
358.7	360.7	0	1000
358.75	360.75	0	1000
359.15	361.15	0	1000
359.2	361.2	0	1000
359.25	361.25	0	1000
359.3	361.3	0	1000
359.35	361.35	0	1000
359.4	361.4	0	1000
359.45	361.45	0	1000
359.5	361.5	0	1000
359.55	361.55	0	1000
359.6	361.6	0	1000
359.65	361.65	0	1000
359.7	361.7	0	1000
359.75	361.75	0	1000
359.8	361.8	0	1000
359.85	361.85	0	1000
359.9	361.9	0	1000
359.95	361.95	0	1000
360	362	0	1000
360.05	362.05	0	1000
360.1	362.1	0	1000
360.15	362.15	0	1000
360.2	362.2	0	1000
360.25	362.25	0	1000
360.3	362.3	0	1000
360.35	362.35	0	1000
360.4	362.4	0	1000
360.45	362.45	0	1000
360.5	362.5	0	1000
362.65	364.65	0	1000
362.7	364.7	0	1000
362.75	364.75	0	1000
362.8	364.8	0	1000
362.85	364.85	0	1000
362.9	364.9	0	1000
362.95	364.95	0	1000
363	365	0	1000
363.05	365.05	0	1000
363.1	365.1	0	1000
363.15	365.15	0	1000
363.2	365.2	0	1000
363.25	365.25	0	1000
363.3	365.3	0	1000
363.35	365.35	0	1000
363.4	365.4	0	1000
363.45	365.45	0	1000
363.5	365.5	0	1000
363.55	365.55	0	1000
363.6	365.6	0	1000
363.65	365.65	0	1000
363.7	365.7	0	1000
363.75	365.75	0	1000
363.8	365.8	0	1000
363.85	365.85	0	1000
363.9	365.9	0	1000
363.95	365.95	0	1000
364	366	0	1000
364.05	366.05	0	1000
364.1	366.1	0	1000
364.15	366.15	0	1000
364.2	366.2	0	1000
364.25	366.25	0	1000
364.3	366.3	0	1000
364.35	366.35	0	1000
364.4	366.4	0	1000
364.45	366.45	0	1000
364.5	366.5	0	1000
364.55	366.55	0	1000
364.6	366.6	0	1000
364.65	366.65	0	1000
364.7	366.7	0	1000
364.75	366.75	0	1000
364.8	366.8	0	1000
364.85	366.85	0	1000
364.9	366.9	0	1000
364.95	366.95	0	1000
365	367	0	1000
365.05	367.05	0	1000
365.1	367.1	0	1000
365.15	367.15	0	1000
365.2	367.2	0	1000
365.25	367.25	0	1000
365.3	367.3	0	1000
365.35	367.35	0	1000
365.4	367.4	0	1000
365.45	367.45	0	1000
365.5	367.5	0	1000
365.55	367.55	0	1000
365.6	367.6	0	1000
365.65	367.65	0	1000
365.7	367.7	0	1000
365.75	367.75	0	1000
365.8	367.8	0	1000
365.85	367.85	0	1000
365.9	367.9	0	1000
365.95	367.95	0	1000
366	368	0	1000
366.05	368.05	0	1000
366.1	368.1	0	1000
366.15	368.15	0	1000
366.2	368.2	0	1000
366.25	368.25	0	1000
366.3	368.3	0	1000
366.35	368.35	0	1000
366.4	368.4	0	1000
366.45	368.45	0	1000
366.5	368.5	0	1000
366.55	368.55	0	1000
366.6	368.6	0	1000
366.65	368.65	0	1000
366.7	368.7	0	1000
366.75	368.75	0	1000
366.8	368.8	0	1000
366.85	368.85	0	1000
366.95	368.95	0	1000
367	369	0	1000
367.05	369.05	0	1000
367.15	369.15	0	1000
367.2	369.2	0	1000
367.25	369.25	0	1000
367.3	369.3	0	1000
367.35	369.35	0	1000
367.95	369.95	0	1000
368	370	0	1000
368.05	370.05	0	1000
368.1	370.1	0	1000
368.15	370.15	0	1000
368.2	370.2	0	1000
368.25	370.25	0	1000
368.3	370.3	0	1000
368.35	370.35	0	1000
368.4	370.4	0	1000
368.55	370.55	0	1000
368.6	370.6	0	1000
368.65	370.65	0	1000
368.7	370.7	0	1000
368.75	370.75	0	1000
368.8	370.8	0	1000
368.85	370.85	0	1000
368.9	370.9	0	1000
368.95	370.95	0	1000
369	371	0	1000
369.05	371.05	0	1000
369.1	371.1	0	1000
369.15	371.15	0	1000
369.2	371.2	0	1000
369.25	371.25	0	1000
369.3	371.3	0	1000
369.35	371.35	0	1000
369.4	371.4	0	1000
369.45	371.45	0	1000
369.5	371.5	0	1000
372.2	374.2	0	1000
372.25	374.25	0	1000
372.5	374.5	0	1000
373.8	375.8	0	1000
373.85	375.85	0	1000
373.9	375.9	0	1000
373.95	375.95	0	1000
374	376	0	1000
374.05	376.05	0	1000
374.1	376.1	0	1000
374.15	376.15	0	1000
374.2	376.2	0	1000
374.25	376.25	0	1000
374.3	376.3	0	1000
374.35	376.35	0	1000
374.4	376.4	0	1000
374.45	376.45	0	1000
374.5	376.5	0	1000
374.55	376.55	0	1000
374.6	376.6	0	1000
374.65	376.65	0	1000
374.7	376.7	0	1000
374.75	376.75	0	1000
374.8	376.8	0	1000
374.85	376.85	0	1000
374.9	376.9	0	1000
374.95	376.95	0	1000
375	377	0	1000
375.05	377.05	0	1000
375.1	377.1	0	1000
375.15	377.15	0	1000
375.2	377.2	0	1000
375.25	377.25	0	1000
375.3	377.3	0	1000
375.35	377.35	0	1000
375.4	377.4	0	1000
375.45	377.45	0	1000
375.5	377.5	0	1000
375.55	377.55	0	1000
375.6	377.6	0	1000
375.65	377.65	0	1000
375.7	377.7	0	1000
375.75	377.75	0	1000
375.8	377.8	0	1000
375.85	377.85	0	1000
375.9	377.9	0	1000
375.95	377.95	0	1000
376	378	0	1000
376.05	378.05	0	1000
376.1	378.1	0	1000
376.15	378.15	0	1000
376.2	378.2	0	1000
376.25	378.25	0	1000
376.3	378.3	0	1000
376.35	378.35	0	1000
376.4	378.4	0	1000
376.45	378.45	0	1000
376.5	378.5	0	1000
376.55	378.55	0	1000
376.6	378.6	0	1000
376.65	378.65	0	1000
376.7	378.7	0	1000
376.75	378.75	0	1000
376.8	378.8	0	1000
376.85	378.85	0	1000
376.9	378.9	0	1000
376.95	378.95	0	1000
377	379	0	1000
377.05	379.05	0	1000
377.1	379.1	0	1000
377.15	379.15	0	1000
377.2	379.2	0	1000
377.25	379.25	0	1000
377.3	379.3	0	1000
377.35	379.35	0	1000
377.4	379.4	0	1000
377.45	379.45	0	1000
377.5	379.5	0	1000
377.55	379.55	0	1000
377.6	379.6	0	1000
377.65	379.65	0	1000
377.7	379.7	0	1000
377.75	379.75	0	1000
377.8	379.8	0	1000
377.85	379.85	0	1000
377.9	379.9	0	1000
377.95	379.95	0	1000
378	380	0	1000
378.05	380.05	0	1000
378.1	380.1	0	1000
378.15	380.15	0	1000
378.2	380.2	0	1000
378.25	380.25	0	1000
378.3	380.3	0	1000
378.35	380.35	0	1000
378.4	380.4	0	1000
378.45	380.45	0	1000
378.5	380.5	0	1000
378.55	380.55	0	1000
378.6	380.6	0	1000
378.65	380.65	0	1000
378.7	380.7	0	1000
378.75	380.75	0	1000
378.8	380.8	0	1000
378.85	380.85	0	1000
378.9	380.9	0	1000
378.95	380.95	0	1000
379	381	0	1000
379.05	381.05	0	1000
379.1	381.1	0	1000
379.15	381.15	0	1000
379.2	381.2	0	1000
379.25	381.25	0	1000
379.3	381.3	0	1000
379.35	381.35	0	1000
379.4	381.4	0	1000
379.45	381.45	0	1000
379.5	381.5	0	1000
379.55	381.55	0	1000
379.6	381.6	0	1000
379.65	381.65	0	1000
379.7	381.7	0	1000
379.75	381.75	0	1000
379.8	381.8	0	1000
379.85	381.85	0	1000
379.9	381.9	0	1000
379.95	381.95	0	1000
380	382	0	1000
380.05	382.05	0	1000
380.1	382.1	0	1000
380.15	382.15	0	1000
380.2	382.2	0	1000
380.25	382.25	0	1000
380.3	382.3	0	1000
380.35	382.35	0	1000
380.4	382.4	0	1000
380.45	382.45	0	1000
380.5	382.5	0	1000
380.55	382.55	0	1000
380.6	382.6	0	1000
380.65	382.65	0	1000
380.7	382.7	0	1000
380.75	382.75	0	1000
380.8	382.8	0	1000
380.85	382.85	0	1000
380.9	382.9	0	1000
380.95	382.95	0	1000
381	383	0	1000
381.05	383.05	0	1000
381.1	383.1	0	1000
381.15	383.15	0	1000
381.2	383.2	0	1000
381.25	383.25	0	1000
381.3	383.3	0	1000
381.35	383.35	0	1000
381.4	383.4	0	1000
381.45	383.45	0	1000
381.5	383.5	0	1000
381.55	383.55	0	1000
381.6	383.6	0	1000
381.65	383.65	0	1000
381.7	383.7	0	1000
381.75	383.75	0	1000
381.8	383.8	0	1000
381.85	383.85	0	1000
381.9	383.9	0	1000
381.95	383.95	0	1000
382	384	0	1000
382.05	384.05	0	1000
382.1	384.1	0	1000
382.15	384.15	0	1000
382.2	384.2	0	1000
382.25	384.25	0	1000
382.3	384.3	0	1000
382.35	384.35	0	1000
382.6	384.6	0	1000
383.1	385.1	0	1000
387.4	389.4	0	1000
387.45	389.45	0	1000
387.5	389.5	0	1000
387.55	389.55	0	1000
387.65	389.65	0	1000
387.7	389.7	0	1000
387.75	389.75	0	1000
387.8	389.8	0	1000
387.85	389.85	0	1000
387.9	389.9	0	1000
387.95	389.95	0	1000
388	390	0	1000
388.05	390.05	0	1000
388.1	390.1	0	1000
388.15	390.15	0	1000
388.2	390.2	0	1000
388.25	390.25	0	1000
388.3	390.3	0	1000
388.35	390.35	0	1000
388.4	390.4	0	1000
388.45	390.45	0	1000
388.5	390.5	0	1000
388.55	390.55	0	1000
388.6	390.6	0	1000
388.65	390.65	0	1000
388.7	390.7	0	1000
388.75	390.75	0	1000
388.8	390.8	0	1000
388.85	390.85	0	1000
388.9	390.9	0	1000
388.95	390.95	0	1000
389	391	0	1000
389.05	391.05	0	1000
389.1	391.1	0	1000
389.15	391.15	0	1000
389.2	391.2	0	1000
389.25	391.25	0	1000
389.3	391.3	0	1000
389.35	391.35	0	1000
389.4	391.4	0	1000
389.45	391.45	0	1000
389.5	391.5	0	1000
389.55	391.55	0	1000
389.6	391.6	0	1000
389.65	391.65	0	1000
389.7	391.7	0	1000
389.75	391.75	0	1000
389.8	391.8	0	1000
389.85	391.85	0	1000
389.9	391.9	0	1000
389.95	391.95	0	1000
390	392	0	1000
390.05	392.05	0	1000
390.1	392.1	0	1000
390.15	392.15	0	1000
390.2	392.2	0	1000
390.25	392.25	0	1000
390.3	392.3	0	1000
390.35	392.35	0	1000
390.4	392.4	0	1000
390.45	392.45	0	1000
390.5	392.5	0	1000
390.55	392.55	0	1000
390.6	392.6	0	1000
390.65	392.65	0	1000
390.7	392.7	0	1000
390.75	392.75	0	1000
390.8	392.8	0	1000
390.85	392.85	0	1000
390.9	392.9	0	1000
390.95	392.95	0	1000
391	393	0	1000
391.05	393.05	0	1000
391.1	393.1	0	1000
391.15	393.15	0	1000
391.2	393.2	0	1000
391.25	393.25	0	1000
391.3	393.3	0	1000
391.35	393.35	0	1000
391.4	393.4	0	1000
391.45	393.45	0	1000
391.5	393.5	0	1000
391.55	393.55	0	1000
391.6	393.6	0	1000
391.65	393.65	0	1000
391.7	393.7	0	1000
391.75	393.75	0	1000
391.8	393.8	0	1000
391.85	393.85	0	1000
391.9	393.9	0	1000
391.95	393.95	0	1000
392	394	0	1000
392.05	394.05	0	1000
392.1	394.1	0	1000
392.15	394.15	0	1000
392.2	394.2	0	1000
392.25	394.25	0	1000
392.3	394.3	0	1000
392.35	394.35	0	1000
392.4	394.4	0	1000
392.45	394.45	0	1000
392.5	394.5	0	1000
392.55	394.55	0	1000
392.6	394.6	0	1000
392.65	394.65	0	1000
392.7	394.7	0	1000
392.75	394.75	0	1000
392.8	394.8	0	1000
392.85	394.85	0	1000
392.9	394.9	0	1000
392.95	394.95	0	1000
393	395	0	1000
393.05	395.05	0	1000
393.1	395.1	0	1000
393.15	395.15	0	1000
393.2	395.2	0	1000
393.25	395.25	0	1000
393.3	395.3	0	1000
393.35	395.35	0	1000
393.4	395.4	0	1000
393.45	395.45	0	1000
393.5	395.5	0	1000
393.55	395.55	0	1000
393.6	395.6	0	1000
393.65	395.65	0	1000
393.7	395.7	0	1000
393.75	395.75	0	1000
393.8	395.8	0	1000
393.85	395.85	0	1000
393.9	395.9	0	1000
393.95	395.95	0	1000
394	396	0	1000
394.05	396.05	0	1000
394.1	396.1	0	1000
394.15	396.15	0	1000
394.2	396.2	0	1000
394.25	396.25	0	1000
394.3	396.3	0	1000
394.35	396.35	0	1000
394.4	396.4	0	1000
394.45	396.45	0	1000
394.5	396.5	0	1000
394.55	396.55	0	1000
394.6	396.6	0	1000
394.65	396.65	0	1000
394.7	396.7	0	1000
394.75	396.75	0	1000
394.8	396.8	0	1000
394.85	396.85	0	1000
394.9	396.9	0	1000
394.95	396.95	0	1000
395	397	0	1000
395.05	397.05	0	1000
395.1	397.1	0	1000
395.15	397.15	0	1000
395.2	397.2	0	1000
395.25	397.25	0	1000
395.3	397.3	0	1000
395.35	397.35	0	1000
395.4	397.4	0	1000
395.45	397.45	0	1000
395.5	397.5	0	1000
395.55	397.55	0	1000
395.6	397.6	0	1000
395.65	397.65	0	1000
395.7	397.7	0	1000
395.75	397.75	0	1000
395.8	397.8	0	1000
395.85	397.85	0	1000
395.9	397.9	0	1000
395.95	397.95	0	1000
396	398	0	1000
396.05	398.05	0	1000
396.1	398.1	0	1000
396.15	398.15	0	1000
396.2	398.2	0	1000
396.25	398.25	0	1000
396.3	398.3	0	1000
396.35	398.35	0	1000
396.4	398.4	0	1000
396.45	398.45	0	1000
396.5	398.5	0	1000
396.55	398.55	0	1000
396.6	398.6	0	1000
396.65	398.65	0	1000
396.7	398.7	0	1000
396.75	398.75	0	1000
396.8	398.8	0	1000
396.85	398.85	0	1000
396.9	398.9	0	1000
396.95	398.95	0	1000
397	399	0	1000
